object={
	name="rock_desert_generator_1_0"
	clamp_to_water_level=no
	render_under_water=no
	generated_content=yes
	layer="tree_high_layer"
	pdxmesh="rock_desert_01_mesh"
	count=39
	transform="1982.511719 0.000000 2478.120361 0.000000 0.409132 0.000000 0.912475 1.000000 1.000000 1.000000
1983.019897 0.000000 2482.670410 0.000000 0.257101 0.000000 0.966385 1.000000 1.000000 1.000000
1988.169434 0.000000 2481.050049 0.000000 0.083747 0.000000 0.996487 1.000000 1.000000 1.000000
1986.348145 0.000000 2485.200439 0.000000 0.497702 0.000000 0.867348 1.000000 1.000000 1.000000
2016.714355 0.000000 2474.285645 0.000000 0.316601 0.000000 0.948559 1.000000 1.000000 1.000000
2025.088135 0.000000 2474.995605 0.000000 0.199476 0.000000 0.979903 1.000000 1.000000 1.000000
2034.206543 0.000000 2478.813965 0.000000 0.413568 0.000000 0.910473 1.000000 1.000000 1.000000
2028.426025 0.000000 2477.650635 0.000000 0.134941 0.000000 0.990854 1.000000 1.000000 1.000000
2027.141479 0.000000 2474.219238 0.000000 0.054747 0.000000 0.998500 1.000000 1.000000 1.000000
1994.463257 0.000000 2573.073730 0.000000 0.481262 0.000000 0.876577 1.000000 1.000000 1.000000
1998.849243 0.000000 2554.296875 0.000000 0.029860 0.000000 0.999554 1.000000 1.000000 1.000000
2044.178589 0.000000 2496.786621 0.000000 0.050506 0.000000 0.998724 1.000000 1.000000 1.000000
2014.380005 0.000000 2525.288818 0.000000 0.485402 0.000000 0.874291 1.000000 1.000000 1.000000
2000.034790 0.000000 2559.904785 0.000000 0.440949 0.000000 0.897532 1.000000 1.000000 1.000000
2049.194824 0.000000 2535.250000 0.000000 0.370013 0.000000 0.929027 1.000000 1.000000 1.000000
2002.108276 0.000000 2562.873535 0.000000 0.413239 0.000000 0.910622 1.000000 1.000000 1.000000
2047.171387 0.000000 2537.142334 0.000000 0.292704 0.000000 0.956203 1.000000 1.000000 1.000000
2051.577148 0.000000 2535.827637 0.000000 0.012561 0.000000 0.999921 1.000000 1.000000 1.000000
2045.119873 0.000000 2535.818604 0.000000 0.499594 0.000000 0.866260 1.000000 1.000000 1.000000
2136.234863 0.000000 2604.260254 0.000000 0.142805 0.000000 0.989751 1.000000 1.000000 1.000000
2246.439453 0.000000 2623.956787 0.000000 0.395084 0.000000 0.918645 1.000000 1.000000 1.000000
2243.011475 0.000000 2624.729004 0.000000 0.120048 0.000000 0.992768 1.000000 1.000000 1.000000
2252.432129 0.000000 2659.058105 0.000000 0.271995 0.000000 0.962299 1.000000 1.000000 1.000000
2242.993652 0.000000 2637.863281 0.000000 0.148823 0.000000 0.988864 1.000000 1.000000 1.000000
2247.621826 0.000000 2660.198730 0.000000 0.029900 0.000000 0.999553 1.000000 1.000000 1.000000
2244.148926 0.000000 2605.758057 0.000000 0.031840 0.000000 0.999493 1.000000 1.000000 1.000000
2243.842041 0.000000 2610.796631 0.000000 0.413206 0.000000 0.910638 1.000000 1.000000 1.000000
2266.988037 0.000000 2645.724365 0.000000 0.296225 0.000000 0.955118 1.000000 1.000000 1.000000
2269.826660 0.000000 2644.025635 0.000000 0.139891 0.000000 0.990167 1.000000 1.000000 1.000000
2274.888184 0.000000 2648.649414 0.000000 0.324315 0.000000 0.945949 1.000000 1.000000 1.000000
2272.589600 0.000000 2646.357910 0.000000 0.460535 0.000000 0.887642 1.000000 1.000000 1.000000
2464.626221 0.000000 2620.999512 0.000000 0.362278 0.000000 0.932070 1.000000 1.000000 1.000000
2462.633301 0.000000 2618.837158 0.000000 0.039480 0.000000 0.999220 1.000000 1.000000 1.000000
2193.560303 0.000000 2780.978760 0.000000 0.129277 0.000000 0.991609 1.000000 1.000000 1.000000
2209.075684 0.000000 2755.572266 0.000000 0.006545 0.000000 0.999979 1.000000 1.000000 1.000000
2196.274658 0.000000 2780.456299 0.000000 0.054553 0.000000 0.998511 1.000000 1.000000 1.000000
2578.330811 0.000000 2772.697510 0.000000 0.189131 0.000000 0.981952 1.000000 1.000000 1.000000
2586.961914 0.000000 2773.090332 0.000000 0.252633 0.000000 0.967562 1.000000 1.000000 1.000000
2580.767090 0.000000 2772.614746 0.000000 0.216751 0.000000 0.976227 1.000000 1.000000 1.000000
"}
object={
	name="rock_desert_generator_1_1"
	clamp_to_water_level=no
	render_under_water=no
	generated_content=yes
	layer="tree_high_layer"
	pdxmesh="rock_desert_02_mesh"
	count=29
	transform="1982.209961 0.000000 2487.605713 0.000000 0.667033 0.000000 0.745028 1.000000 1.000000 1.000000
1986.044434 0.000000 2479.744385 0.000000 0.702833 0.000000 0.711355 1.000000 1.000000 1.000000
2047.003906 0.000000 2478.120361 0.000000 0.791294 0.000000 0.611436 1.000000 1.000000 1.000000
2027.492554 0.000000 2475.834473 0.000000 0.619845 0.000000 0.784724 1.000000 1.000000 1.000000
2048.758301 0.000000 2490.003662 0.000000 0.721532 0.000000 0.692381 1.000000 1.000000 1.000000
2020.465698 0.000000 2472.115479 0.000000 0.729777 0.000000 0.683685 1.000000 1.000000 1.000000
2047.946899 0.000000 2480.354248 0.000000 0.736031 0.000000 0.676948 1.000000 1.000000 1.000000
2024.700195 0.000000 2472.097900 0.000000 0.673457 0.000000 0.739226 1.000000 1.000000 1.000000
1992.525146 0.000000 2575.683594 0.000000 0.688293 0.000000 0.725433 1.000000 1.000000 1.000000
1996.661133 0.000000 2555.154541 0.000000 0.683775 0.000000 0.729693 1.000000 1.000000 1.000000
1996.814087 0.000000 2551.300293 0.000000 0.645604 0.000000 0.763673 1.000000 1.000000 1.000000
2005.500854 0.000000 2559.134521 0.000000 0.689978 0.000000 0.723830 1.000000 1.000000 1.000000
2051.132080 0.000000 2493.581543 0.000000 0.734337 0.000000 0.678786 1.000000 1.000000 1.000000
2002.472168 0.000000 2551.460449 0.000000 0.639740 0.000000 0.768591 1.000000 1.000000 1.000000
2012.708374 0.000000 2569.742188 0.000000 0.648842 0.000000 0.760923 1.000000 1.000000 1.000000
2245.514648 0.000000 2655.494385 0.000000 0.616725 0.000000 0.787178 1.000000 1.000000 1.000000
2244.752441 0.000000 2608.459961 0.000000 0.546823 0.000000 0.837248 1.000000 1.000000 1.000000
2244.958008 0.000000 2613.171875 0.000000 0.503768 0.000000 0.863839 1.000000 1.000000 1.000000
2243.352051 0.000000 2664.034424 0.000000 0.657319 0.000000 0.753612 1.000000 1.000000 1.000000
2275.123535 0.000000 2651.799805 0.000000 0.838899 0.000000 0.544288 1.000000 1.000000 1.000000
2268.284912 0.000000 2647.087646 0.000000 0.845655 0.000000 0.533729 1.000000 1.000000 1.000000
2240.369385 0.000000 2665.732178 0.000000 0.590585 0.000000 0.806976 1.000000 1.000000 1.000000
2253.436768 0.000000 2700.415283 0.000000 0.845472 0.000000 0.534019 1.000000 1.000000 1.000000
2260.417480 0.000000 2688.510986 0.000000 0.832752 0.000000 0.553647 1.000000 1.000000 1.000000
2468.730469 0.000000 2632.015625 0.000000 0.764080 0.000000 0.645121 1.000000 1.000000 1.000000
2462.027832 0.000000 2620.891602 0.000000 0.533439 0.000000 0.845838 1.000000 1.000000 1.000000
2198.462891 0.000000 2782.293213 0.000000 0.555673 0.000000 0.831401 1.000000 1.000000 1.000000
2192.736816 0.000000 2778.227295 0.000000 0.682673 0.000000 0.730724 1.000000 1.000000 1.000000
2192.922363 0.000000 2783.873779 0.000000 0.679536 0.000000 0.733642 1.000000 1.000000 1.000000
"}
object={
	name="rock_desert_generator_1_2"
	clamp_to_water_level=no
	render_under_water=no
	generated_content=yes
	layer="tree_high_layer"
	pdxmesh="rock_desert_03_mesh"
	count=35
	transform="1987.545898 0.000000 2483.525635 0.000000 0.981622 0.000000 0.190834 1.000000 1.000000 1.000000
1982.039917 0.000000 2485.392090 0.000000 0.991722 0.000000 0.128404 1.000000 1.000000 1.000000
2029.579346 0.000000 2482.030518 0.000000 0.909537 0.000000 0.415624 1.000000 1.000000 1.000000
2023.044800 0.000000 2473.538574 0.000000 0.935633 0.000000 0.352975 1.000000 1.000000 1.000000
2032.104614 0.000000 2479.971191 0.000000 0.999994 0.000000 0.003425 1.000000 1.000000 1.000000
2026.561401 0.000000 2477.902344 0.000000 0.940685 0.000000 0.339282 1.000000 1.000000 1.000000
1999.304321 0.000000 2565.374268 0.000000 0.985534 0.000000 0.169476 1.000000 1.000000 1.000000
2047.838135 0.000000 2525.079590 0.000000 0.989135 0.000000 0.147008 1.000000 1.000000 1.000000
2046.892822 0.000000 2493.763428 0.000000 0.908239 0.000000 0.418453 1.000000 1.000000 1.000000
2008.319702 0.000000 2525.830078 0.000000 0.967930 0.000000 0.251220 1.000000 1.000000 1.000000
2041.827026 0.000000 2535.673828 0.000000 0.999160 0.000000 0.040986 1.000000 1.000000 1.000000
2003.753662 0.000000 2560.987549 0.000000 0.989444 0.000000 0.144915 1.000000 1.000000 1.000000
2048.865479 0.000000 2522.021973 0.000000 0.920176 0.000000 0.391504 1.000000 1.000000 1.000000
2001.383667 0.000000 2553.635010 0.000000 0.975329 0.000000 0.220757 1.000000 1.000000 1.000000
2047.063965 0.000000 2534.574219 0.000000 0.885216 0.000000 0.465180 1.000000 1.000000 1.000000
1986.640015 0.000000 2579.565918 0.000000 0.987419 0.000000 0.158128 1.000000 1.000000 1.000000
2148.613281 0.000000 2619.297119 0.000000 0.965394 0.000000 0.260796 1.000000 1.000000 1.000000
2154.126221 0.000000 2608.091797 0.000000 0.977192 0.000000 0.212357 1.000000 1.000000 1.000000
2151.863770 0.000000 2618.734863 0.000000 0.944742 0.000000 0.327814 1.000000 1.000000 1.000000
2156.888672 0.000000 2607.307373 0.000000 0.993866 0.000000 0.110587 1.000000 1.000000 1.000000
2240.169434 0.000000 2664.312744 0.000000 0.997641 0.000000 0.068642 1.000000 1.000000 1.000000
2242.671387 0.000000 2621.234375 0.000000 0.951169 0.000000 0.308669 1.000000 1.000000 1.000000
2242.234863 0.000000 2661.972412 0.000000 0.948903 0.000000 0.315566 1.000000 1.000000 1.000000
2247.459229 0.000000 2602.159180 0.000000 0.998971 0.000000 0.045348 1.000000 1.000000 1.000000
2245.657959 0.000000 2661.031738 0.000000 0.994075 0.000000 0.108695 1.000000 1.000000 1.000000
2268.748779 0.000000 2645.411621 0.000000 0.905305 0.000000 0.424762 1.000000 1.000000 1.000000
2244.608643 0.000000 2665.550293 0.000000 0.940244 0.000000 0.340502 1.000000 1.000000 1.000000
2464.440674 0.000000 2618.276123 0.000000 0.938043 0.000000 0.346519 1.000000 1.000000 1.000000
2460.732666 0.000000 2618.957031 0.000000 0.979126 0.000000 0.203255 1.000000 1.000000 1.000000
2462.080322 0.000000 2616.786865 0.000000 0.998719 0.000000 0.050602 1.000000 1.000000 1.000000
2184.457031 0.000000 2783.163818 0.000000 0.867872 0.000000 0.496788 1.000000 1.000000 1.000000
2195.088135 0.000000 2783.634521 0.000000 0.999932 0.000000 0.011658 1.000000 1.000000 1.000000
2194.668457 0.000000 2785.614502 0.000000 0.984186 0.000000 0.177138 1.000000 1.000000 1.000000
2584.218018 0.000000 2771.754150 0.000000 0.983909 0.000000 0.178671 1.000000 1.000000 1.000000
2580.211182 0.000000 2770.073242 0.000000 0.920805 0.000000 0.390023 1.000000 1.000000 1.000000
"}
object={
	name="rock_desert_generator_1_3"
	clamp_to_water_level=no
	render_under_water=no
	generated_content=yes
	layer="tree_high_layer"
	pdxmesh="rock_desert_04_mesh"
	count=42
	transform="1980.111084 0.000000 2484.034668 0.000000 0.952000 0.000000 -0.306097 1.000000 1.000000 1.000000
1984.252808 0.000000 2485.460693 0.000000 0.986728 0.000000 -0.162379 1.000000 1.000000 1.000000
1988.947754 0.000000 2485.815674 0.000000 0.996676 0.000000 -0.081472 1.000000 1.000000 1.000000
1989.831177 0.000000 2483.625488 0.000000 0.951432 0.000000 -0.307858 1.000000 1.000000 1.000000
2030.381226 0.000000 2477.590820 0.000000 0.993948 0.000000 -0.109849 1.000000 1.000000 1.000000
2019.544312 0.000000 2474.781494 0.000000 0.999342 0.000000 -0.036263 1.000000 1.000000 1.000000
2051.947510 0.000000 2491.128418 0.000000 0.998751 0.000000 -0.049957 1.000000 1.000000 1.000000
2026.767944 0.000000 2472.651611 0.000000 0.983408 0.000000 -0.181410 1.000000 1.000000 1.000000
2046.692993 0.000000 2492.343994 0.000000 0.999925 0.000000 -0.012238 1.000000 1.000000 1.000000
2033.364502 0.000000 2476.737793 0.000000 0.894592 0.000000 -0.446885 1.000000 1.000000 1.000000
2028.951416 0.000000 2479.648193 0.000000 0.924545 0.000000 -0.381074 1.000000 1.000000 1.000000
2016.919434 0.000000 2476.680664 0.000000 0.916723 0.000000 -0.399523 1.000000 1.000000 1.000000
1997.403931 0.000000 2577.171143 0.000000 0.947019 0.000000 -0.321179 1.000000 1.000000 1.000000
2052.962891 0.000000 2537.972412 0.000000 0.993246 0.000000 -0.116024 1.000000 1.000000 1.000000
2015.428955 0.000000 2570.933594 0.000000 0.999865 0.000000 -0.016426 1.000000 1.000000 1.000000
2049.534912 0.000000 2538.744629 0.000000 0.987416 0.000000 -0.158147 1.000000 1.000000 1.000000
2011.157349 0.000000 2525.275391 0.000000 0.877573 0.000000 -0.479444 1.000000 1.000000 1.000000
2050.091064 0.000000 2533.025391 0.000000 0.871207 0.000000 -0.490915 1.000000 1.000000 1.000000
2001.950928 0.000000 2560.096436 0.000000 0.995706 0.000000 -0.092569 1.000000 1.000000 1.000000
2000.870728 0.000000 2561.595703 0.000000 0.985242 0.000000 -0.171169 1.000000 1.000000 1.000000
1984.625977 0.000000 2581.094727 0.000000 0.962717 0.000000 -0.270511 1.000000 1.000000 1.000000
2138.196045 0.000000 2598.118408 0.000000 0.993764 0.000000 -0.111505 1.000000 1.000000 1.000000
2157.495117 0.000000 2604.711182 0.000000 0.994771 0.000000 -0.102131 1.000000 1.000000 1.000000
2141.908447 0.000000 2600.226562 0.000000 0.972189 0.000000 -0.234197 1.000000 1.000000 1.000000
2142.984375 0.000000 2596.624756 0.000000 0.889457 0.000000 -0.457018 1.000000 1.000000 1.000000
2138.672363 0.000000 2601.561523 0.000000 0.878259 0.000000 -0.478185 1.000000 1.000000 1.000000
2135.516602 0.000000 2601.121582 0.000000 0.988002 0.000000 -0.154444 1.000000 1.000000 1.000000
2248.949219 0.000000 2611.195068 0.000000 0.947302 0.000000 -0.320342 1.000000 1.000000 1.000000
2244.511475 0.000000 2659.315430 0.000000 0.943123 0.000000 -0.332444 1.000000 1.000000 1.000000
2242.510498 0.000000 2641.146240 0.000000 0.886500 0.000000 -0.462728 1.000000 1.000000 1.000000
2249.945312 0.000000 2602.896729 0.000000 0.884154 0.000000 -0.467195 1.000000 1.000000 1.000000
2272.522705 0.000000 2648.509521 0.000000 0.979469 0.000000 -0.201594 1.000000 1.000000 1.000000
2270.103516 0.000000 2646.467529 0.000000 0.984064 0.000000 -0.177813 1.000000 1.000000 1.000000
2277.000732 0.000000 2649.701904 0.000000 0.991597 0.000000 -0.129368 1.000000 1.000000 1.000000
2278.434326 0.000000 2644.084229 0.000000 0.977774 0.000000 -0.209661 1.000000 1.000000 1.000000
2252.395020 0.000000 2702.568115 0.000000 0.875984 0.000000 -0.482341 1.000000 1.000000 1.000000
2467.604980 0.000000 2625.052734 0.000000 0.943902 0.000000 -0.330224 1.000000 1.000000 1.000000
2462.480469 0.000000 2614.235840 0.000000 0.983925 0.000000 -0.178584 1.000000 1.000000 1.000000
2464.018555 0.000000 2616.190430 0.000000 0.893263 0.000000 -0.449535 1.000000 1.000000 1.000000
2186.649902 0.000000 2778.462402 0.000000 0.992874 0.000000 -0.119168 1.000000 1.000000 1.000000
2208.256592 0.000000 2758.783447 0.000000 0.999456 0.000000 -0.032994 1.000000 1.000000 1.000000
2195.100586 0.000000 2787.548340 0.000000 0.955563 0.000000 -0.294788 1.000000 1.000000 1.000000
"}
object={
	name="rock_desert_generator_1_4"
	clamp_to_water_level=no
	render_under_water=no
	generated_content=yes
	layer="tree_high_layer"
	pdxmesh="rock_desert_05_mesh"
	count=48
	transform="1991.583252 0.000000 2485.375244 0.000000 0.585146 0.000000 -0.810928 1.000000 1.000000 1.000000
1990.505615 0.000000 2480.671631 0.000000 0.769406 0.000000 -0.638760 1.000000 1.000000 1.000000
1985.452393 0.000000 2482.108154 0.000000 0.861121 0.000000 -0.508399 1.000000 1.000000 1.000000
2034.706421 0.000000 2480.978516 0.000000 0.634811 0.000000 -0.772667 1.000000 1.000000 1.000000
2017.154785 0.000000 2479.831055 0.000000 0.828266 0.000000 -0.560336 1.000000 1.000000 1.000000
2019.031860 0.000000 2477.733154 0.000000 0.607469 0.000000 -0.794343 1.000000 1.000000 1.000000
1995.119995 0.000000 2575.596436 0.000000 0.718190 0.000000 -0.695847 1.000000 1.000000 1.000000
2044.915527 0.000000 2533.612793 0.000000 0.771634 0.000000 -0.636066 1.000000 1.000000 1.000000
2051.639893 0.000000 2531.241699 0.000000 0.834675 0.000000 -0.550742 1.000000 1.000000 1.000000
2040.366089 0.000000 2532.760254 0.000000 0.789178 0.000000 -0.614164 1.000000 1.000000 1.000000
2044.272949 0.000000 2537.868408 0.000000 0.833477 0.000000 -0.552554 1.000000 1.000000 1.000000
2015.141479 0.000000 2568.090332 0.000000 0.542194 0.000000 -0.840253 1.000000 1.000000 1.000000
2017.770630 0.000000 2572.399658 0.000000 0.591669 0.000000 -0.806181 1.000000 1.000000 1.000000
2145.838135 0.000000 2599.286377 0.000000 0.686638 0.000000 -0.726999 1.000000 1.000000 1.000000
2151.180420 0.000000 2615.641357 0.000000 0.855172 0.000000 -0.518345 1.000000 1.000000 1.000000
2133.762695 0.000000 2603.651367 0.000000 0.816563 0.000000 -0.577256 1.000000 1.000000 1.000000
2140.683105 0.000000 2598.043701 0.000000 0.769977 0.000000 -0.638072 1.000000 1.000000 1.000000
2155.009033 0.000000 2605.770752 0.000000 0.860902 0.000000 -0.508770 1.000000 1.000000 1.000000
2247.155029 0.000000 2604.992432 0.000000 0.808094 0.000000 -0.589054 1.000000 1.000000 1.000000
2245.424072 0.000000 2663.097168 0.000000 0.578127 0.000000 -0.815947 1.000000 1.000000 1.000000
2255.398438 0.000000 2657.705078 0.000000 0.723789 0.000000 -0.690022 1.000000 1.000000 1.000000
2248.103271 0.000000 2608.112061 0.000000 0.865882 0.000000 -0.500248 1.000000 1.000000 1.000000
2246.305176 0.000000 2610.617676 0.000000 0.727114 0.000000 -0.686517 1.000000 1.000000 1.000000
2252.747070 0.000000 2656.424561 0.000000 0.533341 0.000000 -0.845901 1.000000 1.000000 1.000000
2246.916504 0.000000 2657.784424 0.000000 0.747286 0.000000 -0.664503 1.000000 1.000000 1.000000
2268.530273 0.000000 2648.960205 0.000000 0.846310 0.000000 -0.532691 1.000000 1.000000 1.000000
2267.895752 0.000000 2642.201660 0.000000 0.510549 0.000000 -0.859848 1.000000 1.000000 1.000000
2264.674805 0.000000 2647.872803 0.000000 0.613598 0.000000 -0.789618 1.000000 1.000000 1.000000
2276.274170 0.000000 2644.599854 0.000000 0.861326 0.000000 -0.508053 1.000000 1.000000 1.000000
2276.057373 0.000000 2647.494385 0.000000 0.586666 0.000000 -0.809829 1.000000 1.000000 1.000000
2273.741943 0.000000 2647.569336 0.000000 0.834037 0.000000 -0.551708 1.000000 1.000000 1.000000
2255.238281 0.000000 2693.565674 0.000000 0.641636 0.000000 -0.767009 1.000000 1.000000 1.000000
2213.029053 0.000000 2751.475098 0.000000 0.599568 0.000000 -0.800324 1.000000 1.000000 1.000000
2251.348389 0.000000 2699.449463 0.000000 0.561542 0.000000 -0.827448 1.000000 1.000000 1.000000
2261.757080 0.000000 2685.769775 0.000000 0.652090 0.000000 -0.758142 1.000000 1.000000 1.000000
2190.989014 0.000000 2787.438965 0.000000 0.751757 0.000000 -0.659440 1.000000 1.000000 1.000000
2192.796875 0.000000 2786.100586 0.000000 0.520315 0.000000 -0.853974 1.000000 1.000000 1.000000
2196.312256 0.000000 2777.607910 0.000000 0.713931 0.000000 -0.700216 1.000000 1.000000 1.000000
2211.075684 0.000000 2752.861084 0.000000 0.864684 0.000000 -0.502317 1.000000 1.000000 1.000000
2213.826660 0.000000 2752.716309 0.000000 0.843053 0.000000 -0.537831 1.000000 1.000000 1.000000
2211.569336 0.000000 2755.064697 0.000000 0.521869 0.000000 -0.853026 1.000000 1.000000 1.000000
2194.708984 0.000000 2778.991455 0.000000 0.615613 0.000000 -0.788049 1.000000 1.000000 1.000000
2212.552979 0.000000 2753.757324 0.000000 0.775141 0.000000 -0.631789 1.000000 1.000000 1.000000
2579.790283 0.000000 2775.114258 0.000000 0.565271 0.000000 -0.824905 1.000000 1.000000 1.000000
2589.641357 0.000000 2770.087158 0.000000 0.665811 0.000000 -0.746121 1.000000 1.000000 1.000000
2587.680176 0.000000 2776.229004 0.000000 0.559578 0.000000 -0.828777 1.000000 1.000000 1.000000
2586.246338 0.000000 2768.676025 0.000000 0.642399 0.000000 -0.766371 1.000000 1.000000 1.000000
2585.208008 0.000000 2775.620117 0.000000 0.793550 0.000000 -0.608505 1.000000 1.000000 1.000000
"}
object={
	name="rock_desert_generator_1_5"
	clamp_to_water_level=no
	render_under_water=no
	generated_content=yes
	layer="tree_high_layer"
	pdxmesh="rock_desert_06_mesh"
	count=41
	transform="2024.449951 0.000000 2477.431152 0.000000 0.332817 0.000000 -0.942991 1.000000 1.000000 1.000000
2052.038086 0.000000 2483.525635 0.000000 0.103823 0.000000 -0.994596 1.000000 1.000000 1.000000
2047.512085 0.000000 2482.670410 0.000000 0.436635 0.000000 -0.899639 1.000000 1.000000 1.000000
2014.554077 0.000000 2476.540771 0.000000 0.132400 0.000000 -0.991196 1.000000 1.000000 1.000000
2050.536621 0.000000 2479.744385 0.000000 0.376111 0.000000 -0.926575 1.000000 1.000000 1.000000
2052.661621 0.000000 2481.050049 0.000000 0.067011 0.000000 -0.997752 1.000000 1.000000 1.000000
2049.875488 0.000000 2492.065674 0.000000 0.035059 0.000000 -0.999385 1.000000 1.000000 1.000000
1999.432739 0.000000 2552.070557 0.000000 0.399852 0.000000 -0.916580 1.000000 1.000000 1.000000
2004.152222 0.000000 2548.849121 0.000000 0.313397 0.000000 -0.949622 1.000000 1.000000 1.000000
2051.275879 0.000000 2522.475586 0.000000 0.198425 0.000000 -0.980116 1.000000 1.000000 1.000000
2012.980957 0.000000 2566.247314 0.000000 0.142525 0.000000 -0.989791 1.000000 1.000000 1.000000
2000.652588 0.000000 2555.973633 0.000000 0.270662 0.000000 -0.962674 1.000000 1.000000 1.000000
2053.924805 0.000000 2534.434326 0.000000 0.161801 0.000000 -0.986823 1.000000 1.000000 1.000000
2046.381958 0.000000 2521.757324 0.000000 0.249553 0.000000 -0.968361 1.000000 1.000000 1.000000
2002.615845 0.000000 2558.259766 0.000000 0.397830 0.000000 -0.917459 1.000000 1.000000 1.000000
1999.285889 0.000000 2554.282715 0.000000 0.397704 0.000000 -0.917514 1.000000 1.000000 1.000000
2153.838135 0.000000 2616.575928 0.000000 0.027257 0.000000 -0.999628 1.000000 1.000000 1.000000
2148.442871 0.000000 2616.799072 0.000000 0.238846 0.000000 -0.971057 1.000000 1.000000 1.000000
2145.398193 0.000000 2597.003662 0.000000 0.047626 0.000000 -0.998865 1.000000 1.000000 1.000000
2241.314697 0.000000 2611.063965 0.000000 0.027571 0.000000 -0.999620 1.000000 1.000000 1.000000
2250.493896 0.000000 2661.667969 0.000000 0.002854 0.000000 -0.999996 1.000000 1.000000 1.000000
2241.281494 0.000000 2635.016113 0.000000 0.460395 0.000000 -0.887714 1.000000 1.000000 1.000000
2242.043457 0.000000 2632.675781 0.000000 0.362360 0.000000 -0.932038 1.000000 1.000000 1.000000
2272.260986 0.000000 2644.428955 0.000000 0.195563 0.000000 -0.980691 1.000000 1.000000 1.000000
2263.469482 0.000000 2645.118896 0.000000 0.251212 0.000000 -0.967932 1.000000 1.000000 1.000000
2277.512939 0.000000 2646.750244 0.000000 0.161218 0.000000 -0.986919 1.000000 1.000000 1.000000
2274.683105 0.000000 2646.254395 0.000000 0.140651 0.000000 -0.990059 1.000000 1.000000 1.000000
2248.463867 0.000000 2701.061768 0.000000 0.018931 0.000000 -0.999821 1.000000 1.000000 1.000000
2257.329346 0.000000 2689.129883 0.000000 0.009586 0.000000 -0.999954 1.000000 1.000000 1.000000
2258.052490 0.000000 2694.994385 0.000000 0.499111 0.000000 -0.866538 1.000000 1.000000 1.000000
2260.804443 0.000000 2691.623535 0.000000 0.447192 0.000000 -0.894438 1.000000 1.000000 1.000000
2258.306152 0.000000 2686.630371 0.000000 0.386695 0.000000 -0.922208 1.000000 1.000000 1.000000
2462.893311 0.000000 2623.095703 0.000000 0.468628 0.000000 -0.883396 1.000000 1.000000 1.000000
2467.991211 0.000000 2617.962646 0.000000 0.343616 0.000000 -0.939110 1.000000 1.000000 1.000000
2465.766602 0.000000 2614.780762 0.000000 0.176583 0.000000 -0.984286 1.000000 1.000000 1.000000
2183.611084 0.000000 2780.080811 0.000000 0.260888 0.000000 -0.965369 1.000000 1.000000 1.000000
2185.812012 0.000000 2780.651611 0.000000 0.086027 0.000000 -0.996293 1.000000 1.000000 1.000000
2197.159180 0.000000 2785.977295 0.000000 0.044747 0.000000 -0.998998 1.000000 1.000000 1.000000
2192.922852 0.000000 2789.398193 0.000000 0.258547 0.000000 -0.965999 1.000000 1.000000 1.000000
2579.192871 0.000000 2769.903564 0.000000 0.056221 0.000000 -0.998418 1.000000 1.000000 1.000000
2587.399902 0.000000 2770.682373 0.000000 0.078461 0.000000 -0.996917 1.000000 1.000000 1.000000
"}
