object={
	name="rock_crystal_generator_1_0"
	clamp_to_water_level=no
	render_under_water=no
	generated_content=yes
	layer="tree_high_layer"
	pdxmesh="tree_crystal_1_mesh"
	count=87
	transform="1859.486328 0.000000 1678.128662 0.000000 0.332321 0.000000 0.943166 1.000000 1.000000 1.000000
1854.361572 0.000000 1665.235718 0.000000 0.199982 0.000000 0.979800 1.000000 1.000000 1.000000
1807.294678 0.000000 1715.592163 0.000000 0.353290 0.000000 0.935514 1.000000 1.000000 1.000000
1846.678345 0.000000 1667.402832 0.000000 0.040642 0.000000 0.999174 1.000000 1.000000 1.000000
1857.655640 0.000000 1633.737671 0.000000 0.748714 0.000000 0.662893 1.000000 1.000000 1.000000
1841.841919 0.000000 1648.906738 0.000000 0.133670 0.000000 0.991026 1.000000 1.000000 1.000000
1824.296143 0.000000 1669.063843 0.000000 0.750109 0.000000 0.661314 1.000000 1.000000 1.000000
1845.518066 0.000000 1645.626709 0.000000 0.386337 0.000000 0.922358 1.000000 1.000000 1.000000
1818.919067 0.000000 1688.747314 0.000000 0.664694 0.000000 0.747116 1.000000 1.000000 1.000000
1824.243286 0.000000 1696.355103 0.000000 0.597344 0.000000 0.801985 1.000000 1.000000 1.000000
1819.504395 0.000000 1706.403442 0.000000 0.329729 0.000000 0.944076 0.867444 0.867444 0.867444
1813.049683 0.000000 1708.060913 0.000000 0.674223 0.000000 0.738528 0.991703 0.991703 0.991703
1823.808472 0.000000 1686.187256 0.000000 0.128718 0.000000 0.991681 1.000000 1.000000 1.000000
1839.253418 0.000000 1696.189209 0.000000 0.689550 0.000000 0.724238 0.805885 0.805885 0.805885
1818.222656 0.000000 1641.840820 0.000000 0.607519 0.000000 0.794305 1.000000 1.000000 1.000000
1831.845459 0.000000 1690.079224 0.000000 0.741952 0.000000 0.670453 1.000000 1.000000 1.000000
1837.116455 0.000000 1657.059570 0.000000 0.650942 0.000000 0.759128 1.000000 1.000000 1.000000
1860.846802 0.000000 1709.766113 0.000000 0.705924 0.000000 0.708288 0.966596 0.966596 0.966596
1855.583740 0.000000 1656.950928 0.000000 0.225146 0.000000 0.974325 0.919489 0.919489 0.919489
1838.264038 0.000000 1694.567139 0.000000 0.048669 0.000000 0.998815 0.771999 0.771999 0.771999
1852.326294 0.000000 1688.948364 0.000000 0.379611 0.000000 0.925146 0.702103 0.702103 0.702103
1855.675049 0.000000 1659.966919 0.000000 0.600758 0.000000 0.799431 0.801110 0.801110 0.801110
1870.376221 0.000000 1657.317383 0.000000 0.704147 0.000000 0.710054 0.846245 0.846245 0.846245
1872.035034 0.000000 1684.828369 0.000000 0.578845 0.000000 0.815438 1.000000 1.000000 1.000000
1885.395630 0.000000 1665.444824 0.000000 0.221317 0.000000 0.975202 1.000000 1.000000 1.000000
1874.013550 0.000000 1679.869995 0.000000 0.200489 0.000000 0.979696 0.921395 0.921395 0.921395
1893.211548 0.000000 1669.813110 0.000000 0.721311 0.000000 0.692612 1.000000 1.000000 1.000000
1887.496826 0.000000 1661.945435 0.000000 0.709518 0.000000 0.704687 0.980477 0.980477 0.980477
1895.174194 0.000000 1685.738403 0.000000 0.410176 0.000000 0.912006 1.000000 1.000000 1.000000
1895.869263 0.000000 1670.747681 0.000000 0.121825 0.000000 0.992552 0.497283 0.497283 0.497283
1871.352905 0.000000 1654.817627 0.000000 0.707324 0.000000 0.706889 0.894159 0.894159 0.894159
1875.953003 0.000000 1681.215942 0.000000 0.561440 0.000000 0.827517 0.914834 0.914834 0.914834
1874.210815 0.000000 1684.466919 0.000000 0.662912 0.000000 0.748697 0.883823 0.883823 0.883823
1895.090454 0.000000 1671.862427 0.000000 0.682986 0.000000 0.730432 0.715806 0.715806 0.715806
1892.686768 0.000000 1672.745361 0.000000 0.550492 0.000000 0.834841 0.548686 0.548686 0.548686
1802.540283 0.000000 1785.477051 0.000000 0.421345 0.000000 0.906901 1.000000 1.000000 1.000000
1799.658813 0.000000 1761.774170 0.000000 0.007295 0.000000 0.999973 1.000000 1.000000 1.000000
1804.459106 0.000000 1723.848022 0.000000 0.327469 0.000000 0.944862 1.000000 1.000000 1.000000
1774.521729 0.000000 1737.501587 0.000000 0.126009 0.000000 0.992029 0.264347 0.264347 0.264347
1775.327026 0.000000 1735.449585 0.000000 0.444801 0.000000 0.895629 0.634257 0.634257 0.634257
1775.139038 0.000000 1734.123413 0.000000 0.561827 0.000000 0.827255 0.678957 0.678957 0.678957
1774.203979 0.000000 1735.067017 0.000000 0.462789 0.000000 0.886469 0.640909 0.640909 0.640909
1774.463501 0.000000 1736.240356 0.000000 0.417801 0.000000 0.908538 0.419519 0.419519 0.419519
1864.906250 0.000000 1722.000610 0.000000 0.232558 0.000000 0.972583 1.000000 1.000000 1.000000
1829.735107 0.000000 1740.751587 0.000000 0.381869 0.000000 0.924216 1.000000 1.000000 1.000000
1860.201904 0.000000 1745.148438 0.000000 0.239653 0.000000 0.970859 1.000000 1.000000 1.000000
1826.075928 0.000000 1805.646729 0.000000 0.735226 0.000000 0.677822 1.000000 1.000000 1.000000
1833.985229 0.000000 1768.934692 0.000000 0.019413 0.000000 0.999812 1.000000 1.000000 1.000000
1819.447632 0.000000 1740.382690 0.000000 0.072706 0.000000 0.997353 1.000000 1.000000 1.000000
1850.239990 0.000000 1735.355469 0.000000 0.703700 0.000000 0.710497 1.000000 1.000000 1.000000
1807.176025 0.000000 1782.114136 0.000000 0.630716 0.000000 0.776014 0.966734 0.966734 0.966734
1845.729492 0.000000 1749.547485 0.000000 0.737623 0.000000 0.675213 1.000000 1.000000 1.000000
1826.100952 0.000000 1741.913574 0.000000 0.137069 0.000000 0.990562 1.000000 1.000000 1.000000
1865.429443 0.000000 1749.812134 0.000000 0.092787 0.000000 0.995686 1.000000 1.000000 1.000000
1848.238525 0.000000 1740.466064 0.000000 0.172927 0.000000 0.984935 0.905833 0.905833 0.905833
1842.433960 0.000000 1743.437744 0.000000 0.276598 0.000000 0.960986 1.000000 1.000000 1.000000
1824.977173 0.000000 1736.034058 0.000000 0.010828 0.000000 0.999941 1.000000 1.000000 1.000000
1837.743652 0.000000 1787.085449 0.000000 0.060696 0.000000 0.998156 0.984920 0.984920 0.984920
1844.353760 0.000000 1751.979980 0.000000 0.321623 0.000000 0.946868 0.708215 0.708215 0.708215
1849.320312 0.000000 1737.986816 0.000000 0.592257 0.000000 0.805749 1.000000 1.000000 1.000000
1818.222168 0.000000 1738.199951 0.000000 0.453448 0.000000 0.891283 0.983520 0.983520 0.983520
1806.309082 0.000000 1789.218018 0.000000 0.289153 0.000000 0.957283 0.751240 0.751240 0.751240
1815.227661 0.000000 1754.448364 0.000000 0.510825 0.000000 0.859685 0.969003 0.969003 0.969003
1829.079956 0.000000 1770.345581 0.000000 0.714062 0.000000 0.700082 0.990319 0.990319 0.990319
1825.277344 0.000000 1770.700317 0.000000 0.722415 0.000000 0.691459 0.965690 0.965690 0.965690
1842.028320 0.000000 1748.115723 0.000000 0.157150 0.000000 0.987575 0.767178 0.767178 0.767178
1842.606812 0.000000 1751.685303 0.000000 0.000284 0.000000 1.000000 0.200145 0.200145 0.200145
1870.047974 0.000000 1759.236938 0.000000 0.676691 0.000000 0.736267 0.865711 0.865711 0.865711
1847.883057 0.000000 1752.578979 0.000000 0.400701 0.000000 0.916209 0.751263 0.751263 0.751263
1842.785645 0.000000 1750.663330 0.000000 0.520481 0.000000 0.853873 0.478796 0.478796 0.478796
1891.403198 0.000000 1799.036011 0.000000 0.294101 0.000000 0.955774 1.000000 1.000000 1.000000
1885.395630 0.000000 1751.429199 0.000000 0.425523 0.000000 0.904948 0.497286 0.497286 0.497286
1900.594604 0.000000 1725.788574 0.000000 0.524363 0.000000 0.851495 0.972021 0.972021 0.972021
1896.822754 0.000000 1734.155762 0.000000 0.215460 0.000000 0.976513 1.000000 1.000000 1.000000
1890.593140 0.000000 1741.913574 0.000000 0.640389 0.000000 0.768050 1.000000 1.000000 1.000000
1882.172974 0.000000 1751.415894 0.000000 0.671822 0.000000 0.740713 1.000000 1.000000 1.000000
1877.032715 0.000000 1753.078369 0.000000 0.545333 0.000000 0.838219 0.870957 0.870957 0.870957
1879.719849 0.000000 1754.448364 0.000000 0.641281 0.000000 0.767306 0.790379 0.790379 0.790379
1898.164551 0.000000 1735.736206 0.000000 0.515498 0.000000 0.856891 0.653122 0.653122 0.653122
1874.636841 0.000000 1752.122803 0.000000 0.125216 0.000000 0.992130 0.844850 0.844850 0.844850
1899.031494 0.000000 1737.853760 0.000000 0.439648 0.000000 0.898170 0.944298 0.944298 0.944298
1876.639404 0.000000 1754.822998 0.000000 0.252934 0.000000 0.967483 0.330233 0.330233 0.330233
1878.067017 0.000000 1757.784912 0.000000 0.719922 0.000000 0.694055 0.841045 0.841045 0.841045
1899.451172 0.000000 1734.996338 0.000000 0.656691 0.000000 0.754160 0.712047 0.712047 0.712047
1884.985596 0.000000 1750.230225 0.000000 0.451501 0.000000 0.892271 0.510131 0.510131 0.510131
1886.205200 0.000000 1750.509399 0.000000 0.214073 0.000000 0.976818 0.309877 0.309877 0.309877
1877.575928 0.000000 1755.157959 0.000000 0.264622 0.000000 0.964352 0.336395 0.336395 0.336395
"}
object={
	name="rock_crystal_generator_1_1"
	clamp_to_water_level=no
	render_under_water=no
	generated_content=yes
	layer="tree_high_layer"
	pdxmesh="tree_crystal_2_mesh"
	count=98
	transform="1801.996948 0.000000 1680.589233 0.000000 0.992788 0.000000 -0.119886 1.000000 1.000000 1.000000
1800.399292 0.000000 1683.279053 0.000000 0.909217 0.000000 0.416322 1.000000 1.000000 1.000000
1822.516602 0.000000 1647.898438 0.000000 0.944161 0.000000 0.329484 0.994971 0.994971 0.994971
1815.437622 0.000000 1683.116577 0.000000 0.907977 0.000000 0.419020 0.961141 0.961141 0.961141
1829.488647 0.000000 1682.266602 0.000000 0.996797 0.000000 -0.079973 1.000999 1.000999 1.000999
1865.225830 0.000000 1707.958496 0.000000 0.967286 0.000000 0.253688 0.994237 0.994237 0.994237
1819.518921 0.000000 1672.447876 0.000000 0.779143 0.000000 0.626847 1.000000 1.000000 1.000000
1823.468994 0.000000 1689.524170 0.000000 0.991513 0.000000 -0.130007 1.007161 1.007161 1.007161
1847.998901 0.000000 1708.721680 0.000000 1.000000 0.000000 0.000831 1.000000 1.000000 1.000000
1858.163330 0.000000 1671.397827 0.000000 0.919597 0.000000 0.392862 1.000000 1.000000 1.000000
1854.517212 0.000000 1658.892456 0.000000 0.939028 0.000000 0.343840 0.924639 0.924639 0.924639
1820.899902 0.000000 1684.645264 0.000000 0.996922 0.000000 -0.078403 1.000000 1.000000 1.000000
1844.040894 0.000000 1711.741577 0.000000 0.961028 0.000000 0.276453 1.000000 1.000000 1.000000
1839.411255 0.000000 1658.704102 0.000000 0.863714 0.000000 0.503982 0.964396 0.964396 0.964396
1811.502319 0.000000 1683.626221 0.000000 0.944543 0.000000 0.328387 1.000000 1.000000 1.000000
1824.569336 0.000000 1682.791016 0.000000 0.990129 0.000000 -0.140156 1.001404 1.001404 1.001404
1822.831543 0.000000 1644.142456 0.000000 0.997249 0.000000 -0.074120 1.000000 1.000000 1.000000
1825.784912 0.000000 1646.830566 0.000000 0.773415 0.000000 0.633900 0.981145 0.981145 0.981145
1869.147461 0.000000 1714.613525 0.000000 0.891131 0.000000 0.453747 1.000000 1.000000 1.000000
1854.288086 0.000000 1701.655396 0.000000 0.975562 0.000000 0.219725 0.964604 0.964604 0.964604
1809.647705 0.000000 1686.436768 0.000000 0.854971 0.000000 0.518676 0.997277 0.997277 0.997277
1822.683350 0.000000 1667.198120 0.000000 0.844343 0.000000 0.535802 1.000000 1.000000 1.000000
1862.892578 0.000000 1708.857056 0.000000 0.981732 0.000000 0.190271 1.000000 1.000000 1.000000
1869.864868 0.000000 1694.452881 0.000000 0.799476 0.000000 0.600698 0.848781 0.848781 0.848781
1855.775513 0.000000 1703.915527 0.000000 0.915588 0.000000 0.402118 0.992768 0.992768 0.992768
1852.537598 0.000000 1664.060425 0.000000 0.999617 0.000000 -0.027684 1.000138 1.000138 1.000138
1814.233398 0.000000 1674.378784 0.000000 0.994464 0.000000 -0.105076 1.002891 1.002891 1.002891
1860.149414 0.000000 1642.996582 0.000000 0.995521 0.000000 0.094538 0.986763 0.986763 0.986763
1855.919189 0.000000 1700.771729 0.000000 0.856964 0.000000 0.515376 0.913488 0.913488 0.913488
1869.405396 0.000000 1656.550903 0.000000 0.985573 0.000000 0.169252 0.971128 0.971128 0.971128
1849.473877 0.000000 1664.358398 0.000000 0.999650 0.000000 0.026458 0.995970 0.995970 0.995970
1890.644653 0.000000 1673.468994 0.000000 0.987875 0.000000 0.155250 0.978985 0.978985 0.978985
1870.797119 0.000000 1652.276123 0.000000 0.891317 0.000000 0.453380 0.997650 0.997650 0.997650
1875.994507 0.000000 1683.626221 0.000000 0.981154 0.000000 0.193229 0.969902 0.969902 0.969902
1907.227295 0.000000 1703.606567 0.000000 0.879111 0.000000 0.476617 0.910699 0.910699 0.910699
1895.749878 0.000000 1712.704346 0.000000 0.997516 0.000000 0.070445 1.000000 1.000000 1.000000
1896.625854 0.000000 1679.626953 0.000000 0.872316 0.000000 0.488942 1.000000 1.000000 1.000000
1898.699585 0.000000 1670.814087 0.000000 0.954662 0.000000 0.297690 1.000000 1.000000 1.000000
1893.895142 0.000000 1672.906616 0.000000 0.979218 0.000000 0.202809 0.906696 0.906696 0.906696
1900.645386 0.000000 1673.051025 0.000000 0.843158 0.000000 0.537666 0.970239 0.970239 0.970239
1894.336670 0.000000 1667.443359 0.000000 0.996713 0.000000 0.081014 1.000000 1.000000 1.000000
1890.473999 0.000000 1670.970703 0.000000 0.987560 0.000000 0.157241 0.995664 0.995664 0.995664
1887.368652 0.000000 1664.227905 0.000000 0.999960 0.000000 0.008996 0.998855 0.998855 0.998855
1895.751709 0.000000 1668.790649 0.000000 0.983294 0.000000 -0.182025 1.026048 1.026048 1.026048
1895.890015 0.000000 1672.733398 0.000000 0.800346 0.000000 0.599538 0.845911 0.845911 0.845911
1888.885132 0.000000 1663.103760 0.000000 0.933137 0.000000 0.359520 0.935732 0.935732 0.935732
1892.371216 0.000000 1673.856201 0.000000 0.939774 0.000000 0.341797 0.840631 0.840631 0.840631
1871.870605 0.000000 1656.377319 0.000000 0.999863 0.000000 -0.016577 1.003228 1.003228 1.003228
1875.690186 0.000000 1685.216064 0.000000 0.866499 0.000000 0.499179 0.928235 0.928235 0.928235
1893.466431 0.000000 1673.937500 0.000000 0.986463 0.000000 0.163981 0.924742 0.924742 0.924742
1777.349731 0.000000 1734.891113 0.000000 0.952765 0.000000 0.303710 1.000000 1.000000 1.000000
1778.951904 0.000000 1738.437622 0.000000 0.985684 0.000000 0.168603 0.981390 0.981390 0.981390
1804.711670 0.000000 1787.293213 0.000000 0.823241 0.000000 0.567692 1.000000 1.000000 1.000000
1776.070679 0.000000 1733.037109 0.000000 0.963400 0.000000 0.268069 0.969511 0.969511 0.969511
1773.338135 0.000000 1735.885986 0.000000 0.815752 0.000000 0.578402 0.947647 0.947647 0.947647
1822.516602 0.000000 1733.882812 0.000000 0.987707 0.000000 0.156314 1.000000 1.000000 1.000000
1840.737671 0.000000 1740.653809 0.000000 0.987437 0.000000 0.158016 1.000000 1.000000 1.000000
1829.488647 0.000000 1768.250977 0.000000 0.993078 0.000000 -0.117456 1.000000 1.000000 1.000000
1854.361572 0.000000 1751.220093 0.000000 0.997898 0.000000 0.064800 1.000000 1.000000 1.000000
1831.564697 0.000000 1730.411865 0.000000 0.988674 0.000000 0.150079 1.000000 1.000000 1.000000
1813.416382 0.000000 1805.182983 0.000000 0.898412 0.000000 0.439155 1.000000 1.000000 1.000000
1828.378418 0.000000 1735.164551 0.000000 0.947462 0.000000 0.319867 1.000000 1.000000 1.000000
1826.202637 0.000000 1729.660278 0.000000 0.992579 0.000000 0.121600 0.991783 0.991783 0.991783
1868.419556 0.000000 1803.311646 0.000000 0.837387 0.000000 0.546611 1.000000 1.000000 1.000000
1842.269287 0.000000 1781.135132 0.000000 0.971442 0.000000 -0.237279 1.000000 1.000000 1.000000
1864.188843 0.000000 1746.649780 0.000000 0.946603 0.000000 0.322401 1.000000 1.000000 1.000000
1824.569336 0.000000 1768.775391 0.000000 0.992175 0.000000 0.124858 1.000000 1.000000 1.000000
1827.999756 0.000000 1802.458618 0.000000 0.972995 0.000000 -0.230827 1.000000 1.000000 1.000000
1808.631714 0.000000 1789.014160 0.000000 0.914708 0.000000 0.404115 1.000000 1.000000 1.000000
1826.882446 0.000000 1738.452026 0.000000 0.842182 0.000000 0.539193 1.000000 1.000000 1.000000
1828.834595 0.000000 1731.909912 0.000000 0.994096 0.000000 0.108503 0.999186 0.999186 0.999186
1808.477539 0.000000 1804.484863 0.000000 0.997510 0.000000 0.070531 1.000000 1.000000 1.000000
1839.253418 0.000000 1782.173584 0.000000 0.993783 0.000000 -0.111338 1.006406 1.006406 1.006406
1865.777710 0.000000 1744.314331 0.000000 0.912564 0.000000 0.408933 1.000000 1.000000 1.000000
1821.620972 0.000000 1741.199707 0.000000 0.903610 0.000000 0.428356 0.973476 0.973476 0.973476
1850.487183 0.000000 1741.351074 0.000000 0.995601 0.000000 -0.093695 1.013353 1.013353 1.013353
1840.638550 0.000000 1751.923950 0.000000 0.945761 0.000000 0.324863 0.972741 0.972741 0.972741
1824.859985 0.000000 1773.786743 0.000000 0.959574 0.000000 0.281455 0.981480 0.981480 0.981480
1846.704224 0.000000 1741.155518 0.000000 0.855821 0.000000 0.517273 0.789622 0.789622 0.789622
1850.727783 0.000000 1738.337036 0.000000 0.997975 0.000000 0.063613 0.967580 0.967580 0.967580
1847.693237 0.000000 1741.927002 0.000000 0.903841 0.000000 0.427869 0.828910 0.828910 0.828910
1846.355957 0.000000 1738.546875 0.000000 0.792778 0.000000 0.609511 0.777457 0.777457 0.777457
1879.870239 0.000000 1728.681030 0.000000 0.871277 0.000000 0.490791 1.000000 1.000000 1.000000
1888.788330 0.000000 1755.048218 0.000000 0.990183 0.000000 0.139778 1.000000 1.000000 1.000000
1882.444336 0.000000 1734.295532 0.000000 0.906083 0.000000 0.423101 1.000000 1.000000 1.000000
1902.726196 0.000000 1733.925049 0.000000 0.995718 0.000000 -0.092439 1.000000 1.000000 1.000000
1889.262817 0.000000 1751.757690 0.000000 0.831783 0.000000 0.555101 0.945640 0.945640 0.945640
1898.519775 0.000000 1728.360840 0.000000 0.862846 0.000000 0.505467 1.000000 1.000000 1.000000
1903.616455 0.000000 1731.356934 0.000000 0.995475 0.000000 0.095019 0.988121 0.988121 0.988121
1872.577271 0.000000 1759.942627 0.000000 0.969071 0.000000 -0.246782 1.008716 1.008716 1.008716
1870.461426 0.000000 1752.061157 0.000000 0.999093 0.000000 0.042582 0.998405 0.998405 0.998405
1888.271606 0.000000 1732.065796 0.000000 0.784162 0.000000 0.620557 0.944846 0.944846 0.944846
1886.413452 0.000000 1735.618408 0.000000 0.961201 0.000000 -0.275850 1.056515 1.056515 1.056515
1873.382935 0.000000 1754.595459 0.000000 0.988596 0.000000 -0.150592 1.053967 1.053967 1.053967
1806.607056 0.000000 1835.150513 0.000000 0.856285 0.000000 0.516503 1.000000 1.000000 1.000000
1817.308472 0.000000 1810.950562 0.000000 0.995570 0.000000 0.094023 1.000000 1.000000 1.000000
2184.351318 0.000000 1848.281738 0.000000 0.994753 0.000000 -0.102304 1.001279 1.001279 1.001279
2168.923584 0.000000 1849.551270 0.000000 0.980720 0.000000 -0.195418 1.011294 1.011294 1.011294
"}
object={
	name="rock_crystal_generator_1_2"
	clamp_to_water_level=no
	render_under_water=no
	generated_content=yes
	layer="tree_high_layer"
	pdxmesh="tree_crystal_3_mesh"
	count=71
	transform="1805.744385 0.000000 1681.176392 0.000000 0.946503 0.000000 -0.322696 1.000000 1.000000 1.000000
1851.043579 0.000000 1610.331299 0.000000 0.790506 0.000000 -0.612454 1.000000 1.000000 1.000000
1848.020752 0.000000 1686.928467 0.000000 0.536615 0.000000 -0.843827 1.260777 1.260777 1.260777
1838.252930 0.000000 1664.490356 0.000000 0.762621 0.000000 -0.646846 1.000000 1.000000 1.000000
1821.303467 0.000000 1640.986328 0.000000 0.789370 0.000000 -0.613918 1.000000 1.000000 1.000000
1817.971558 0.000000 1677.267334 0.000000 0.557508 0.000000 -0.830172 1.000000 1.000000 1.000000
1857.535522 0.000000 1655.971069 0.000000 0.916863 0.000000 -0.399201 1.029731 1.029731 1.029731
1824.122437 0.000000 1635.064209 0.000000 0.584814 0.000000 -0.811168 1.000000 1.000000 1.000000
1861.351074 0.000000 1644.654663 0.000000 0.855363 0.000000 -0.518029 1.127791 1.127791 1.127791
1852.905396 0.000000 1661.913574 0.000000 0.958779 0.000000 -0.284152 1.000000 1.000000 1.000000
1858.335938 0.000000 1645.674194 0.000000 0.739320 0.000000 -0.673355 1.000000 1.000000 1.000000
1850.893555 0.000000 1665.598755 0.000000 0.696244 0.000000 -0.717805 1.000000 1.000000 1.000000
1856.959839 0.000000 1699.188599 0.000000 0.555264 0.000000 -0.831674 1.002452 1.002452 1.002452
1842.606689 0.000000 1646.134033 0.000000 0.707046 0.000000 -0.707168 1.000000 1.000000 1.000000
1848.177124 0.000000 1665.108398 0.000000 0.765304 0.000000 -0.643669 1.106493 1.106493 1.106493
1866.135620 0.000000 1715.752686 0.000000 0.833648 0.000000 -0.552296 1.024833 1.024833 1.024833
1827.082153 0.000000 1683.502441 0.000000 0.949706 0.000000 -0.313144 1.037372 1.037372 1.037372
1859.963379 0.000000 1711.956055 0.000000 0.559058 0.000000 -0.829129 1.078096 1.078096 1.078096
1817.105957 0.000000 1675.063354 0.000000 0.914567 0.000000 -0.404435 1.072763 1.072763 1.072763
1847.080566 0.000000 1713.341553 0.000000 0.935579 0.000000 -0.353117 1.004505 1.004505 1.004505
1823.779419 0.000000 1646.081421 0.000000 0.912573 0.000000 -0.408914 1.006310 1.006310 1.006310
1819.096680 0.000000 1670.362061 0.000000 0.854652 0.000000 -0.519201 1.051790 1.051790 1.051790
1817.711426 0.000000 1673.009033 0.000000 0.697431 0.000000 -0.716652 1.131651 1.131651 1.131651
1839.669434 0.000000 1701.094482 0.000000 0.711526 0.000000 -0.702660 1.159501 1.159501 1.159501
1849.700439 0.000000 1686.849243 0.000000 0.913570 0.000000 -0.406681 1.108742 1.108742 1.108742
1838.365967 0.000000 1697.407837 0.000000 0.765465 0.000000 -0.643478 1.167536 1.167536 1.167536
1898.202148 0.000000 1687.865234 0.000000 0.727599 0.000000 -0.686003 1.000000 1.000000 1.000000
1895.312500 0.000000 1709.143066 0.000000 0.514255 0.000000 -0.857637 1.000000 1.000000 1.000000
1882.444336 0.000000 1648.311157 0.000000 0.617394 0.000000 -0.786654 1.000000 1.000000 1.000000
1905.222168 0.000000 1704.954346 0.000000 0.889202 0.000000 -0.457515 1.030845 1.030845 1.030845
1889.446655 0.000000 1661.041992 0.000000 0.948256 0.000000 -0.317507 1.056464 1.056464 1.056464
1892.354370 0.000000 1671.661499 0.000000 0.787581 0.000000 -0.616211 1.092821 1.092821 1.092821
1892.613647 0.000000 1699.226929 0.000000 0.769156 0.000000 -0.639061 1.199042 1.199042 1.199042
1775.466919 0.000000 1739.117065 0.000000 0.953008 0.000000 -0.302946 1.092975 1.092975 1.092975
1775.637817 0.000000 1736.952881 0.000000 0.910208 0.000000 -0.414151 1.217474 1.217474 1.217474
1868.285034 0.000000 1747.737427 0.000000 0.948791 0.000000 -0.315904 1.000000 1.000000 1.000000
1846.678345 0.000000 1753.387207 0.000000 0.650261 0.000000 -0.759711 1.185261 1.185261 1.185261
1861.996216 0.000000 1751.351074 0.000000 0.711535 0.000000 -0.702651 1.000000 1.000000 1.000000
1823.377197 0.000000 1739.442505 0.000000 0.896909 0.000000 -0.442215 1.000000 1.000000 1.000000
1836.904663 0.000000 1789.715820 0.000000 0.837873 0.000000 -0.545865 1.000000 1.000000 1.000000
1851.689087 0.000000 1739.425537 0.000000 0.749193 0.000000 -0.662352 1.368707 1.368707 1.368707
1817.952148 0.000000 1734.295532 0.000000 0.849501 0.000000 -0.527587 1.000000 1.000000 1.000000
1830.682007 0.000000 1771.722778 0.000000 0.925161 0.000000 -0.379575 1.000000 1.000000 1.000000
1841.923218 0.000000 1750.062500 0.000000 0.944413 0.000000 -0.328760 1.027599 1.027599 1.027599
1834.015991 0.000000 1787.959351 0.000000 0.588726 0.000000 -0.808333 1.000000 1.000000 1.000000
1861.150024 0.000000 1748.268188 0.000000 0.821526 0.000000 -0.570171 1.000000 1.000000 1.000000
1842.979980 0.000000 1740.685303 0.000000 0.916136 0.000000 -0.400867 1.046338 1.046338 1.046338
1856.104736 0.000000 1739.768799 0.000000 0.807862 0.000000 -0.589372 1.025176 1.025176 1.025176
1840.016968 0.000000 1749.640747 0.000000 0.912431 0.000000 -0.409231 1.056839 1.056839 1.056839
1849.825684 0.000000 1739.771729 0.000000 0.864918 0.000000 -0.501913 1.267793 1.267793 1.267793
1807.184692 0.000000 1792.531128 0.000000 0.665019 0.000000 -0.746826 1.193686 1.193686 1.193686
1843.937744 0.000000 1750.381592 0.000000 0.562732 0.000000 -0.826639 1.495600 1.495600 1.495600
1846.748291 0.000000 1739.754395 0.000000 0.902301 0.000000 -0.431107 1.151335 1.151335 1.151335
1848.902222 0.000000 1739.175049 0.000000 0.749057 0.000000 -0.662506 1.368811 1.368811 1.368811
1887.008789 0.000000 1733.882812 0.000000 0.595810 0.000000 -0.803126 1.000000 1.000000 1.000000
1890.699707 0.000000 1745.429810 0.000000 0.938903 0.000000 -0.344181 1.057018 1.057018 1.057018
1873.936646 0.000000 1758.017456 0.000000 0.929761 0.000000 -0.368163 1.013178 1.013178 1.013178
1874.698120 0.000000 1754.164551 0.000000 0.850518 0.000000 -0.525946 1.074663 1.074663 1.074663
1890.277100 0.000000 1732.814941 0.000000 0.911098 0.000000 -0.412190 1.024395 1.024395 1.024395
1887.175537 0.000000 1753.182495 0.000000 0.835008 0.000000 -0.550239 1.144007 1.144007 1.144007
1887.368652 0.000000 1750.212280 0.000000 0.749039 0.000000 -0.662526 1.368825 1.368825 1.368825
1889.495117 0.000000 1753.453369 0.000000 0.945144 0.000000 -0.326655 1.040707 1.040707 1.040707
1871.145508 0.000000 1759.130005 0.000000 0.766709 0.000000 -0.641995 1.113122 1.113122 1.113122
1878.094238 0.000000 1754.315796 0.000000 0.811915 0.000000 -0.583775 1.149402 1.149402 1.149402
1887.704346 0.000000 1751.719482 0.000000 0.900192 0.000000 -0.435494 1.229482 1.229482 1.229482
1898.249512 0.000000 1734.341553 0.000000 0.816864 0.000000 -0.576830 1.207223 1.207223 1.207223
1879.339722 0.000000 1755.963745 0.000000 0.568420 0.000000 -0.822739 1.231571 1.231571 1.231571
1811.509766 0.000000 1836.464966 0.000000 0.939140 0.000000 -0.343535 1.000000 1.000000 1.000000
1879.007690 0.000000 1805.807129 0.000000 0.623843 0.000000 -0.781549 1.013439 1.013439 1.013439
2108.169434 0.000000 1817.317871 0.000000 0.954306 0.000000 -0.298831 1.000000 1.000000 1.000000
2222.148193 0.000000 1798.552612 0.000000 0.911851 0.000000 -0.410521 1.000000 1.000000 1.000000
"}
object={
	name="rock_crystal_generator_1_3"
	clamp_to_water_level=no
	render_under_water=no
	generated_content=yes
	layer="tree_high_layer"
	pdxmesh="tree_crystal_4_mesh"
	count=57
	transform="1778.311890 0.000000 1634.066528 0.000000 0.265637 0.000000 -0.964073 1.000000 1.000000 1.000000
1820.064575 0.000000 1635.008545 0.000000 0.070604 0.000000 -0.997504 1.000000 1.000000 1.000000
1858.561523 0.000000 1709.666138 0.000000 0.461754 0.000000 -0.887008 1.212417 1.212417 1.212417
1828.885986 0.000000 1690.247803 0.000000 0.355646 0.000000 -0.934621 1.000000 1.000000 1.000000
1869.778809 0.000000 1652.106445 0.000000 0.033846 0.000000 -0.999427 1.011511 1.011511 1.011511
1825.834351 0.000000 1692.661011 0.000000 0.256273 0.000000 -0.966604 1.000000 1.000000 1.000000
1815.810791 0.000000 1673.128784 0.000000 0.490581 0.000000 -0.871395 1.000000 1.000000 1.000000
1845.064209 0.000000 1706.438599 0.000000 0.169944 0.000000 -0.985454 1.000000 1.000000 1.000000
1868.771606 0.000000 1658.127319 0.000000 0.467861 0.000000 -0.883802 1.000000 1.000000 1.000000
1820.844727 0.000000 1668.952515 0.000000 0.061487 0.000000 -0.998108 1.022608 1.022608 1.022608
1817.874268 0.000000 1685.691040 0.000000 0.107193 0.000000 -0.994238 1.007307 1.007307 1.007307
1815.389282 0.000000 1677.645142 0.000000 0.413208 0.000000 -0.910637 1.005716 1.005716 1.005716
1817.158447 0.000000 1670.958496 0.000000 0.051499 0.000000 -0.998673 1.000000 1.000000 1.000000
1807.015503 0.000000 1713.008179 0.000000 0.073788 0.000000 -0.997274 1.000000 1.000000 1.000000
1855.532227 0.000000 1667.310181 0.000000 0.053899 0.000000 -0.998546 1.034083 1.034083 1.034083
1856.468018 0.000000 1708.248657 0.000000 0.063207 0.000000 -0.998000 1.041400 1.041400 1.041400
1893.980835 0.000000 1682.266602 0.000000 0.221556 0.000000 -0.975148 1.000000 1.000000 1.000000
1890.559937 0.000000 1700.921997 0.000000 0.411870 0.000000 -0.911243 1.000000 1.000000 1.000000
1898.477417 0.000000 1682.950317 0.000000 0.156672 0.000000 -0.987651 1.000000 1.000000 1.000000
1891.481323 0.000000 1698.255981 0.000000 0.384709 0.000000 -0.923038 1.137978 1.137978 1.137978
1892.086670 0.000000 1675.598633 0.000000 0.395499 0.000000 -0.918466 1.043597 1.043597 1.043597
1875.790405 0.000000 1678.026733 0.000000 0.034522 0.000000 -0.999404 1.088213 1.088213 1.088213
1907.326660 0.000000 1705.732056 0.000000 0.331787 0.000000 -0.943354 1.144630 1.144630 1.144630
1894.154541 0.000000 1671.126587 0.000000 0.062092 0.000000 -0.998070 1.523537 1.523537 1.523537
1804.966187 0.000000 1783.732788 0.000000 0.336023 0.000000 -0.941854 1.000000 1.000000 1.000000
1804.471313 0.000000 1789.093750 0.000000 0.177084 0.000000 -0.984196 1.142562 1.142562 1.142562
1805.827759 0.000000 1791.514893 0.000000 0.436120 0.000000 -0.899888 1.000000 1.000000 1.000000
1846.803955 0.000000 1737.472168 0.000000 0.019703 0.000000 -0.999806 1.000000 1.000000 1.000000
1806.558228 0.000000 1786.045288 0.000000 0.416501 0.000000 -0.909135 1.168095 1.168095 1.168095
1826.915161 0.000000 1772.055054 0.000000 0.255115 0.000000 -0.966911 1.013110 1.013110 1.013110
1817.558594 0.000000 1754.391846 0.000000 0.199707 0.000000 -0.979856 1.003420 1.003420 1.003420
1837.253418 0.000000 1784.414062 0.000000 0.193049 0.000000 -0.981189 1.140899 1.140899 1.140899
1817.680786 0.000000 1751.415894 0.000000 0.128023 0.000000 -0.991771 1.000000 1.000000 1.000000
1853.976318 0.000000 1738.468262 0.000000 0.422342 0.000000 -0.906437 1.189811 1.189811 1.189811
1831.552979 0.000000 1769.515503 0.000000 0.236285 0.000000 -0.971684 1.006652 1.006652 1.006652
1811.143066 0.000000 1804.844604 0.000000 0.086593 0.000000 -0.996244 1.014820 1.014820 1.014820
1828.575073 0.000000 1729.706665 0.000000 0.376309 0.000000 -0.926494 1.097626 1.097626 1.097626
1839.525146 0.000000 1784.337769 0.000000 0.435358 0.000000 -0.900257 1.008391 1.008391 1.008391
1843.723877 0.000000 1748.742798 0.000000 0.485216 0.000000 -0.874394 1.175348 1.175348 1.175348
1807.795532 0.000000 1790.876953 0.000000 0.478967 0.000000 -0.877833 1.171174 1.171174 1.171174
1807.133911 0.000000 1784.161011 0.000000 0.220469 0.000000 -0.975394 1.262595 1.262595 1.262595
1807.394165 0.000000 1787.736084 0.000000 0.395259 0.000000 -0.918570 1.171519 1.171519 1.171519
1847.865845 0.000000 1738.830566 0.000000 0.296015 0.000000 -0.955183 1.431298 1.431298 1.431298
1853.355957 0.000000 1739.931519 0.000000 0.193597 0.000000 -0.981081 1.230157 1.230157 1.230157
1876.001953 0.000000 1750.480591 0.000000 0.459093 0.000000 -0.888388 1.000000 1.000000 1.000000
1870.335938 0.000000 1754.287842 0.000000 0.229249 0.000000 -0.973368 1.230743 1.230743 1.230743
1877.999023 0.000000 1756.121704 0.000000 0.020650 0.000000 -0.999787 1.061920 1.061920 1.061920
1900.796021 0.000000 1731.032959 0.000000 0.024979 0.000000 -0.999688 1.108058 1.108058 1.108058
1899.467896 0.000000 1733.595337 0.000000 0.080313 0.000000 -0.996770 1.000000 1.000000 1.000000
1872.639648 0.000000 1755.735718 0.000000 0.268525 0.000000 -0.963273 1.463728 1.463728 1.463728
1881.786743 0.000000 1729.788818 0.000000 0.312872 0.000000 -0.949795 1.175119 1.175119 1.175119
1885.671143 0.000000 1749.084717 0.000000 0.502104 0.000000 -0.864807 1.203448 1.203448 1.203448
1879.705200 0.000000 1757.231567 0.000000 0.307833 0.000000 -0.951440 1.260650 1.260650 1.260650
1870.925903 0.000000 1755.920288 0.000000 0.166214 0.000000 -0.986090 1.241822 1.241822 1.241822
1887.941284 0.000000 1735.458496 0.000000 0.331589 0.000000 -0.943424 1.249299 1.249299 1.249299
1811.730591 0.000000 1805.790649 0.000000 0.137295 0.000000 -0.990530 1.014311 1.014311 1.014311
1809.321655 0.000000 1834.628052 0.000000 0.349171 0.000000 -0.937059 1.003031 1.003031 1.003031
"}
