object={
	name="tree_graht_01_generator_1_0"
	clamp_to_water_level=no
	render_under_water=no
	generated_content=yes
	layer="tree_high_layer"
	pdxmesh="tree_graht_01_a_mesh"
	count=61
	transform="3131.073730 0.000000 1363.181396 0.000000 0.805968 0.000000 0.591959 0.548260 0.548260 0.548260
3266.848877 0.000000 1342.990967 0.000000 0.818316 0.000000 0.574768 0.548318 0.548318 0.548318
3298.758057 0.000000 1339.179077 0.000000 0.397415 0.000000 0.917639 0.546809 0.546809 0.546809
3395.305176 0.000000 1353.440430 0.000000 0.367411 0.000000 0.930059 0.543439 0.543439 0.543439
2703.624268 0.000000 1535.989746 0.000000 0.029277 0.000000 0.999571 0.543650 0.543650 0.543650
2653.836182 0.000000 1597.132202 0.000000 0.523755 0.000000 0.851869 0.548600 0.548600 0.548600
2651.626465 0.000000 1590.143555 0.000000 0.220785 0.000000 0.975323 0.529637 0.529637 0.529637
2684.902100 0.000000 1702.854614 0.000000 0.638551 0.000000 0.769580 0.510207 0.510207 0.510207
2756.417969 0.000000 1704.260864 0.000000 0.699372 0.000000 0.714758 0.544533 0.544533 0.544533
2802.416992 0.000000 1658.882935 0.000000 0.504330 0.000000 0.863511 0.534259 0.534259 0.534259
2890.917969 0.000000 1438.567627 0.000000 0.801886 0.000000 0.597477 0.548241 0.548241 0.548241
2843.384766 0.000000 1406.543091 0.000000 0.296670 0.000000 0.954980 0.543027 0.543027 0.543027
2885.402344 0.000000 1446.307739 0.000000 0.208157 0.000000 0.978095 0.505146 0.505146 0.505146
2888.106445 0.000000 1479.706665 0.000000 0.878159 0.000000 0.478368 0.548630 0.548630 0.548630
2873.039551 0.000000 1471.569946 0.000000 0.041305 0.000000 0.999147 0.537399 0.537399 0.537399
2987.770508 0.000000 1455.098511 0.000000 0.317976 0.000000 0.948099 0.541437 0.541437 0.541437
3078.269531 0.000000 1434.851074 0.000000 0.188683 0.000000 0.982038 0.531038 0.531038 0.531038
3079.713135 0.000000 1493.266968 0.000000 0.872162 0.000000 0.489217 0.547192 0.547192 0.547192
3085.553467 0.000000 1487.195312 0.000000 0.253312 0.000000 0.967385 0.533753 0.533753 0.533753
2845.103027 0.000000 1590.143555 0.000000 0.509435 0.000000 0.860509 0.537194 0.537194 0.537194
2867.977783 0.000000 1622.186523 0.000000 0.255807 0.000000 0.966728 0.522975 0.522975 0.522975
2890.917969 0.000000 1696.520752 0.000000 0.768842 0.000000 0.639438 0.532853 0.532853 0.532853
2880.923828 0.000000 1657.731567 0.000000 0.470162 0.000000 0.882580 0.541091 0.541091 0.541091
2845.715332 0.000000 1636.332764 0.000000 0.878997 0.000000 0.476827 0.543858 0.543858 0.543858
2926.102295 0.000000 1654.767212 0.000000 0.013173 0.000000 0.999913 0.539306 0.539306 0.539306
2919.744385 0.000000 1653.458130 0.000000 0.659203 0.000000 0.751965 0.516112 0.516112 0.516112
2908.117676 0.000000 1704.841187 0.000000 0.261258 0.000000 0.965269 0.530267 0.530267 0.530267
2950.402832 0.000000 1708.810791 0.000000 0.509821 0.000000 0.860281 0.525821 0.525821 0.525821
2967.417480 0.000000 1614.076538 0.000000 0.840496 0.000000 0.541818 0.538993 0.538993 0.538993
2652.172363 0.000000 1744.416260 0.000000 0.867295 0.000000 0.497795 0.523528 0.523528 0.523528
2661.647461 0.000000 1743.018311 0.000000 0.602814 0.000000 0.797882 0.448525 0.448525 0.448525
2654.172363 0.000000 1743.840088 0.000000 0.745183 0.000000 0.666860 0.468810 0.468810 0.468810
2727.013184 0.000000 1721.048584 0.000000 0.640372 0.000000 0.768065 0.528354 0.528354 0.528354
2815.403564 0.000000 1858.897217 0.000000 0.768015 0.000000 0.640432 0.547137 0.547137 0.547137
2868.234375 0.000000 1780.561523 0.000000 0.827330 0.000000 0.561716 0.540991 0.540991 0.540991
2911.804932 0.000000 1855.085327 0.000000 0.243319 0.000000 0.969946 0.546361 0.546361 0.546361
2969.785400 0.000000 1726.732056 0.000000 0.631899 0.000000 0.775051 0.537823 0.537823 0.537823
2880.923828 0.000000 1915.684692 0.000000 0.874033 0.000000 0.485866 0.543034 0.543034 0.543034
2937.531738 0.000000 1901.491821 0.000000 0.615263 0.000000 0.788322 0.545012 0.545012 0.545012
2969.568848 0.000000 1906.662109 0.000000 0.777644 0.000000 0.628705 0.548133 0.548133 0.548133
2996.054443 0.000000 1970.521362 0.000000 0.769970 0.000000 0.638080 0.541448 0.541448 0.541448
3031.179443 0.000000 1963.483643 0.000000 0.036581 0.000000 0.999331 0.541574 0.541574 0.541574
3054.840332 0.000000 1940.219727 0.000000 0.850980 0.000000 0.525198 0.547722 0.547722 0.547722
3084.837891 0.000000 2022.066162 0.000000 0.648810 0.000000 0.760951 0.526251 0.526251 0.526251
3074.400391 0.000000 2001.669067 0.000000 0.251225 0.000000 0.967929 0.540959 0.540959 0.540959
3062.928955 0.000000 2014.244019 0.000000 0.854756 0.000000 0.519029 0.542507 0.542507 0.542507
3112.360352 0.000000 1389.945312 0.000000 0.053932 0.000000 0.998545 0.541669 0.541669 0.541669
3122.958252 0.000000 1376.027954 0.000000 0.040628 0.000000 0.999174 0.537394 0.537394 0.537394
3146.075195 0.000000 1393.722290 0.000000 0.762683 0.000000 0.646773 0.547103 0.547103 0.547103
3119.578857 0.000000 1396.814087 0.000000 0.571472 0.000000 0.820622 0.544714 0.544714 0.544714
3109.362549 0.000000 1500.479126 0.000000 0.827902 0.000000 0.560873 0.545094 0.545094 0.545094
3105.171631 0.000000 1519.594238 0.000000 0.600952 0.000000 0.799285 0.539827 0.539827 0.539827
3110.747314 0.000000 1493.476074 0.000000 0.543158 0.000000 0.839631 0.536316 0.536316 0.536316
3202.334961 0.000000 1536.752930 0.000000 0.545630 0.000000 0.838026 0.537721 0.537721 0.537721
3251.942627 0.000000 1376.027954 0.000000 0.249469 0.000000 0.968383 0.546379 0.546379 0.546379
3269.530029 0.000000 1464.973999 0.000000 0.735830 0.000000 0.677167 0.548979 0.548979 0.548979
3235.913086 0.000000 1531.163208 0.000000 0.685792 0.000000 0.727797 0.539927 0.539927 0.539927
3176.852539 0.000000 1561.914062 0.000000 0.238351 0.000000 0.971179 0.535389 0.535389 0.535389
3188.045898 0.000000 1601.880859 0.000000 0.622849 0.000000 0.782342 0.538897 0.538897 0.538897
3380.927002 0.000000 1376.027954 0.000000 0.483323 0.000000 0.875442 0.547072 0.547072 0.547072
3095.859375 0.000000 2018.901245 0.000000 0.894166 0.000000 0.447735 0.543626 0.543626 0.543626
"}
object={
	name="tree_graht_01_generator_1_1"
	clamp_to_water_level=no
	render_under_water=no
	generated_content=yes
	layer="tree_high_layer"
	pdxmesh="tree_graht_01_b_mesh"
	count=42
	transform="3160.163818 0.000000 1361.593018 0.000000 0.975511 0.000000 0.219951 0.549695 0.549695 0.549695
3289.204346 0.000000 1313.379883 0.000000 0.995544 0.000000 -0.094298 0.550648 0.550648 0.550648
3295.344482 0.000000 1355.353027 0.000000 0.999887 0.000000 0.015017 0.549876 0.549876 0.549876
2630.966309 0.000000 1533.916138 0.000000 0.995589 0.000000 -0.093820 0.552709 0.552709 0.552709
2667.887207 0.000000 1510.297852 0.000000 0.978007 0.000000 -0.208571 0.550866 0.550866 0.550866
2681.671387 0.000000 1488.674927 0.000000 0.989290 0.000000 -0.145964 0.552011 0.552011 0.552011
2750.911377 0.000000 1514.959717 0.000000 0.990690 0.000000 -0.136139 0.550563 0.550563 0.550563
2645.166992 0.000000 1548.268188 0.000000 0.987943 0.000000 -0.154817 0.551281 0.551281 0.551281
2704.532471 0.000000 1569.453491 0.000000 0.994478 0.000000 0.104941 0.547835 0.547835 0.547835
2759.122070 0.000000 1565.691040 0.000000 0.986952 0.000000 0.161014 0.549334 0.549334 0.549334
2722.404297 0.000000 1716.102417 0.000000 0.982989 0.000000 -0.183662 0.552536 0.552536 0.552536
2866.909180 0.000000 1400.929810 0.000000 0.998902 0.000000 0.046854 0.548777 0.548777 0.548777
2875.147949 0.000000 1402.690552 0.000000 0.984106 0.000000 -0.177583 0.551961 0.551961 0.551961
2863.540283 0.000000 1404.310303 0.000000 0.943990 0.000000 0.329974 0.532454 0.532454 0.532454
2919.836182 0.000000 1431.571045 0.000000 0.928254 0.000000 -0.371946 0.552093 0.552093 0.552093
2858.077637 0.000000 1471.707153 0.000000 0.977782 0.000000 0.209623 0.541590 0.541590 0.541590
2938.611328 0.000000 1501.884033 0.000000 0.961734 0.000000 -0.273986 0.550762 0.550762 0.550762
3040.679443 0.000000 1433.609863 0.000000 0.990150 0.000000 0.140013 0.548650 0.548650 0.548650
2843.384766 0.000000 1664.496216 0.000000 0.955674 0.000000 -0.294427 0.555745 0.555745 0.555745
2931.401367 0.000000 1658.882935 0.000000 0.920740 0.000000 0.390177 0.541744 0.541744 0.541744
2906.492676 0.000000 1710.082764 0.000000 0.918792 0.000000 -0.394742 0.555572 0.555572 0.555572
2995.893555 0.000000 1658.882935 0.000000 0.967736 0.000000 -0.251967 0.552798 0.552798 0.552798
2696.561768 0.000000 1757.382202 0.000000 0.984351 0.000000 0.176217 0.548054 0.548054 0.548054
2655.508545 0.000000 1745.301880 0.000000 0.934641 0.000000 -0.355592 0.583945 0.583945 0.583945
2738.513916 0.000000 1764.705444 0.000000 0.965491 0.000000 0.260436 0.544573 0.544573 0.544573
2724.194092 0.000000 1812.955078 0.000000 0.948856 0.000000 0.315710 0.542943 0.542943 0.542943
2932.726562 0.000000 1866.545898 0.000000 0.967534 0.000000 -0.252741 0.550351 0.550351 0.550351
2925.855957 0.000000 1854.235352 0.000000 0.924023 0.000000 0.382338 0.548923 0.548923 0.548923
3019.022705 0.000000 1757.382202 0.000000 0.911952 0.000000 -0.410298 0.554644 0.554644 0.554644
2983.375977 0.000000 1819.867188 0.000000 0.998313 0.000000 -0.058058 0.550160 0.550160 0.550160
3001.597168 0.000000 1912.622559 0.000000 0.952373 0.000000 -0.304937 0.550426 0.550426 0.550426
3002.023926 0.000000 1987.476196 0.000000 0.991680 0.000000 0.128728 0.549114 0.549114 0.549114
3119.332520 0.000000 1424.313477 0.000000 0.980103 0.000000 0.198490 0.549177 0.549177 0.549177
3222.621094 0.000000 1403.799927 0.000000 0.976011 0.000000 -0.217719 0.550603 0.550603 0.550603
3105.281494 0.000000 1511.147827 0.000000 0.995840 0.000000 0.091113 0.548872 0.548872 0.548872
3110.268555 0.000000 1486.305054 0.000000 0.983478 0.000000 0.181028 0.547750 0.547750 0.547750
3103.071777 0.000000 1504.159180 0.000000 0.968397 0.000000 0.249413 0.546193 0.546193 0.546193
3272.053711 0.000000 1455.793091 0.000000 0.989337 0.000000 0.145643 0.549599 0.549599 0.549599
3289.148193 0.000000 1533.561768 0.000000 0.977177 0.000000 0.212425 0.548530 0.548530 0.548530
3211.991455 0.000000 1547.753296 0.000000 0.933417 0.000000 0.358795 0.545465 0.545465 0.545465
3353.640381 0.000000 1447.577393 0.000000 0.911869 0.000000 0.410481 0.548838 0.548838 0.548838
3096.612305 0.000000 1720.236938 0.000000 0.932916 0.000000 -0.360094 0.554047 0.554047 0.554047
"}
object={
	name="tree_graht_01_generator_1_2"
	clamp_to_water_level=no
	render_under_water=no
	generated_content=yes
	layer="tree_high_layer"
	pdxmesh="tree_graht_01_c_mesh"
	count=69
	transform="3148.007080 0.000000 1327.460327 0.000000 0.889376 0.000000 -0.457177 0.559780 0.559780 0.559780
3145.562012 0.000000 1331.468628 0.000000 0.457364 0.000000 -0.889279 0.586110 0.586110 0.586110
3161.104492 0.000000 1290.315063 0.000000 0.628539 0.000000 -0.777778 0.564683 0.564683 0.564683
3245.739258 0.000000 1369.114136 0.000000 0.612422 0.000000 -0.790531 0.552504 0.552504 0.552504
3287.113281 0.000000 1317.815552 0.000000 0.651010 0.000000 -0.759070 0.551183 0.551183 0.551183
3246.966553 0.000000 1321.462891 0.000000 0.231145 0.000000 -0.972919 0.555510 0.555510 0.555510
3239.731689 0.000000 1321.507324 0.000000 0.813478 0.000000 -0.581596 0.556818 0.556818 0.556818
3390.255615 0.000000 1372.625732 0.000000 0.223020 0.000000 -0.974814 0.557392 0.557392 0.557392
2627.433594 0.000000 1532.292114 0.000000 0.885520 0.000000 -0.464602 0.567250 0.567250 0.567250
2661.867432 0.000000 1517.555420 0.000000 0.650287 0.000000 -0.759688 0.557109 0.557109 0.557109
2687.447266 0.000000 1485.762817 0.000000 0.209642 0.000000 -0.977778 0.561201 0.561201 0.561201
2653.726318 0.000000 1519.594238 0.000000 0.471336 0.000000 -0.881954 0.557415 0.557415 0.557415
2808.120605 0.000000 1482.700684 0.000000 0.546419 0.000000 -0.837512 0.570446 0.570446 0.570446
2806.758789 0.000000 1510.973389 0.000000 0.699384 0.000000 -0.714746 0.564214 0.564214 0.564214
2816.431641 0.000000 1485.762817 0.000000 0.884225 0.000000 -0.467062 0.560009 0.560009 0.560009
2703.304688 0.000000 1550.031860 0.000000 0.543711 0.000000 -0.839273 0.558205 0.558205 0.558205
2686.834229 0.000000 1631.488647 0.000000 0.515109 0.000000 -0.857125 0.566966 0.566966 0.566966
2681.202393 0.000000 1634.066528 0.000000 0.614846 0.000000 -0.788647 0.556238 0.556238 0.556238
2710.185303 0.000000 1629.607788 0.000000 0.844911 0.000000 -0.534907 0.553875 0.553875 0.553875
2761.053955 0.000000 1585.413452 0.000000 0.745472 0.000000 -0.666537 0.558014 0.558014 0.558014
2820.608398 0.000000 1627.761841 0.000000 0.754714 0.000000 -0.656054 0.552948 0.552948 0.552948
2820.300781 0.000000 1606.819824 0.000000 0.681729 0.000000 -0.731605 0.583806 0.583806 0.583806
2874.119141 0.000000 1415.899658 0.000000 0.890080 0.000000 -0.455804 0.551300 0.551300 0.551300
2845.381836 0.000000 1412.184204 0.000000 0.629079 0.000000 -0.777341 0.572008 0.572008 0.572008
2856.171143 0.000000 1411.110718 0.000000 0.157033 0.000000 -0.987593 0.615972 0.615972 0.615972
2856.645508 0.000000 1407.820190 0.000000 0.802977 0.000000 -0.596010 0.614003 0.614003 0.614003
2874.678955 0.000000 1462.097778 0.000000 0.568437 0.000000 -0.822727 0.556633 0.556633 0.556633
2878.553467 0.000000 1495.434082 0.000000 0.206403 0.000000 -0.978467 0.568714 0.568714 0.568714
2902.323486 0.000000 1520.257935 0.000000 0.059044 0.000000 -0.998255 0.558303 0.558303 0.558303
2912.817383 0.000000 1537.182739 0.000000 0.904154 0.000000 -0.427206 0.554243 0.554243 0.554243
2984.328369 0.000000 1431.571045 0.000000 0.710343 0.000000 -0.703856 0.556433 0.556433 0.556433
3019.420898 0.000000 1451.713013 0.000000 0.619238 0.000000 -0.785203 0.558680 0.558680 0.558680
3034.061035 0.000000 1476.740234 0.000000 0.032205 0.000000 -0.999481 0.554225 0.554225 0.554225
3083.654541 0.000000 1470.586914 0.000000 0.129694 0.000000 -0.991554 0.565826 0.565826 0.565826
2922.443115 0.000000 1719.662354 0.000000 0.610442 0.000000 -0.792061 0.576360 0.576360 0.576360
3019.902344 0.000000 1610.536377 0.000000 0.614843 0.000000 -0.788649 0.556238 0.556238 0.556238
3041.801758 0.000000 1623.167114 0.000000 0.838970 0.000000 -0.544178 0.552370 0.552370 0.552370
3066.089355 0.000000 1654.669434 0.000000 0.887885 0.000000 -0.460065 0.551969 0.551969 0.551969
2694.116699 0.000000 1761.390503 0.000000 0.284580 0.000000 -0.958652 0.581691 0.581691 0.581691
2718.328369 0.000000 1769.100952 0.000000 0.029267 0.000000 -0.999572 0.602917 0.602917 0.602917
2825.944336 0.000000 1795.650513 0.000000 0.835287 0.000000 -0.549814 0.561990 0.561990 0.561990
2729.665039 0.000000 1810.274414 0.000000 0.263436 0.000000 -0.964677 0.560745 0.560745 0.560745
2874.119141 0.000000 1759.837158 0.000000 0.312968 0.000000 -0.949764 0.558599 0.558599 0.558599
2848.325195 0.000000 1795.135864 0.000000 0.447281 0.000000 -0.894394 0.565201 0.565201 0.565201
2901.801514 0.000000 1727.973022 0.000000 0.178569 0.000000 -0.983927 0.582476 0.582476 0.582476
2920.489746 0.000000 1721.048584 0.000000 0.576699 0.000000 -0.816956 0.573631 0.573631 0.573631
2976.297119 0.000000 1769.100952 0.000000 0.569386 0.000000 -0.822070 0.552650 0.552650 0.552650
3001.597168 0.000000 1740.653809 0.000000 0.725842 0.000000 -0.687862 0.555208 0.555208 0.555208
3044.865234 0.000000 1802.086792 0.000000 0.826183 0.000000 -0.563402 0.557396 0.557396 0.557396
2976.297119 0.000000 1855.085327 0.000000 0.121390 0.000000 -0.992605 0.553980 0.553980 0.553980
3031.179443 0.000000 1877.499268 0.000000 0.793422 0.000000 -0.608672 0.550899 0.550899 0.550899
2840.801025 0.000000 1898.700806 0.000000 0.718008 0.000000 -0.696035 0.558457 0.558457 0.558457
2927.340576 0.000000 1961.524658 0.000000 0.447818 0.000000 -0.894125 0.565193 0.565193 0.565193
2983.375977 0.000000 1905.851562 0.000000 0.824738 0.000000 -0.565515 0.551651 0.551651 0.551651
3011.561279 0.000000 1894.895874 0.000000 0.002633 0.000000 -0.999997 0.554307 0.554307 0.554307
3054.840332 0.000000 2026.204102 0.000000 0.169469 0.000000 -0.985536 0.559615 0.559615 0.559615
3058.294434 0.000000 2017.724487 0.000000 0.747428 0.000000 -0.664343 0.554989 0.554989 0.554989
3184.071045 0.000000 1396.814087 0.000000 0.304566 0.000000 -0.952491 0.556928 0.556928 0.556928
3185.900635 0.000000 1386.474365 0.000000 0.840965 0.000000 -0.541090 0.553140 0.553140 0.553140
3106.293945 0.000000 1537.182739 0.000000 0.158977 0.000000 -0.987282 0.559688 0.559688 0.559688
3222.621094 0.000000 1489.784302 0.000000 0.420395 0.000000 -0.907341 0.564050 0.564050 0.564050
3207.561523 0.000000 1541.777466 0.000000 0.228210 0.000000 -0.973612 0.555522 0.555522 0.555522
3269.530029 0.000000 1378.989624 0.000000 0.185406 0.000000 -0.982662 0.551901 0.551901 0.551901
3289.148193 0.000000 1447.577393 0.000000 0.703247 0.000000 -0.710945 0.551086 0.551086 0.551086
3299.770508 0.000000 1451.198364 0.000000 0.566118 0.000000 -0.824324 0.555322 0.555322 0.555322
3095.859375 0.000000 1588.979370 0.000000 0.906707 0.000000 -0.421760 0.554783 0.554783 0.554783
3273.345459 0.000000 1572.908081 0.000000 0.597081 0.000000 -0.802181 0.579400 0.579400 0.579400
3370.329102 0.000000 1389.945312 0.000000 0.097155 0.000000 -0.995269 0.562140 0.562140 0.562140
3098.553223 0.000000 1734.693359 0.000000 0.468288 0.000000 -0.883576 0.552975 0.552975 0.552975
"}
