object={
	name="tree_mangrove_generator_1_0"
	clamp_to_water_level=no
	render_under_water=no
	generated_content=yes
	layer="tree_high_layer"
	pdxmesh="tree_mangrove_01_a_mesh"
	count=327
	transform="3970.149414 0.000000 1506.673462 0.000000 0.926350 0.000000 -0.376664 0.815426 0.815426 0.815426
3989.752930 0.000000 1497.280273 0.000000 0.067589 0.000000 -0.997713 1.538531 1.538531 1.538531
3964.815918 0.000000 1509.617554 0.000000 0.677456 0.000000 -0.735564 1.220932 1.220932 1.220932
3956.507812 0.000000 1530.753296 0.000000 0.255683 0.000000 -0.966761 0.928422 0.928422 0.928422
3998.298828 0.000000 1511.864746 0.000000 0.828275 0.000000 -0.560321 1.056588 1.056588 1.056588
3972.574707 0.000000 1506.985474 0.000000 0.951929 0.000000 0.306320 0.757718 0.757718 0.757718
3983.774414 0.000000 1495.341431 0.000000 0.088392 0.000000 -0.996086 1.024997 1.024997 1.024997
3984.856689 0.000000 1501.212769 0.000000 0.218399 0.000000 -0.975860 0.959153 0.959153 0.959153
3951.685059 0.000000 1530.852295 0.000000 0.842279 0.000000 0.539042 0.543032 0.543032 0.543032
3988.679932 0.000000 1495.093384 0.000000 0.936027 0.000000 -0.351927 0.858180 0.858180 0.858180
3947.433838 0.000000 1532.202148 0.000000 0.393520 0.000000 -0.919316 1.249585 1.249585 1.249585
3996.496094 0.000000 1510.241821 0.000000 0.976612 0.000000 -0.215008 0.835923 0.835923 0.835923
3992.356934 0.000000 1493.586060 0.000000 0.269187 0.000000 -0.963088 1.339325 1.339325 1.339325
3968.562744 0.000000 1509.130859 0.000000 0.999736 0.000000 -0.022969 0.807249 0.807249 0.807249
3959.594482 0.000000 1509.595825 0.000000 0.010672 0.000000 0.999943 0.516450 0.516450 0.516450
3984.140137 0.000000 1499.301270 0.000000 0.555110 0.000000 -0.831777 1.098207 1.098207 1.098207
3990.725098 0.000000 1495.321777 0.000000 0.850868 0.000000 0.525380 0.553631 0.553631 0.553631
3995.406982 0.000000 1492.528687 0.000000 0.796331 0.000000 -0.604861 1.081534 1.081534 1.081534
3947.009033 0.000000 1530.460449 0.000000 0.575987 0.000000 -0.817459 1.015980 1.015980 1.015980
3938.947510 0.000000 1520.515381 0.000000 0.999698 0.000000 -0.024558 0.806573 0.806573 0.806573
3966.552979 0.000000 1509.484009 0.000000 0.798117 0.000000 -0.602503 1.094458 1.094458 1.094458
3955.634277 0.000000 1532.316895 0.000000 0.770657 0.000000 0.637250 0.466054 0.466054 0.466054
3938.922852 0.000000 1518.780884 0.000000 0.769059 0.000000 -0.639178 0.977273 0.977273 0.977273
3940.439697 0.000000 1516.235474 0.000000 0.211520 0.000000 -0.977374 1.136236 1.136236 1.136236
4102.290527 0.000000 1448.485474 0.000000 0.548374 0.000000 -0.836233 0.849451 0.849451 0.849451
4108.534668 0.000000 1445.863647 0.000000 0.984649 0.000000 -0.174544 0.830835 0.830835 0.830835
4090.536377 0.000000 1460.937622 0.000000 0.591969 0.000000 0.805961 0.659600 0.659600 0.659600
4120.020508 0.000000 1455.723755 0.000000 0.039968 0.000000 0.999201 0.332217 0.332217 0.332217
4103.158203 0.000000 1451.035156 0.000000 0.848329 0.000000 -0.529470 0.923700 0.923700 0.923700
4109.274902 0.000000 1440.158813 0.000000 0.896273 0.000000 0.443503 0.589838 0.589838 0.589838
4088.460693 0.000000 1457.002075 0.000000 0.056734 0.000000 0.998389 0.449230 0.449230 0.449230
4110.563965 0.000000 1436.680908 0.000000 0.076657 0.000000 -0.997057 1.390832 1.390832 1.390832
4104.071777 0.000000 1449.111206 0.000000 0.958047 0.000000 -0.286610 0.863863 0.863863 0.863863
4111.539062 0.000000 1433.353271 0.000000 0.794384 0.000000 0.607415 0.653974 0.653974 0.653974
4113.145508 0.000000 1442.818604 0.000000 0.592436 0.000000 0.805617 0.599819 0.599819 0.599819
4088.805176 0.000000 1460.709717 0.000000 0.284427 0.000000 -0.958698 1.204675 1.204675 1.204675
4121.480957 0.000000 1454.080444 0.000000 0.513812 0.000000 0.857903 0.484896 0.484896 0.484896
4123.814941 0.000000 1454.072876 0.000000 0.992537 0.000000 0.121941 0.757517 0.757517 0.757517
4000.869385 0.000000 1493.868774 0.000000 0.543458 0.000000 -0.839436 0.895507 0.895507 0.895507
4061.881836 0.000000 1542.644775 0.000000 0.521790 0.000000 -0.853074 0.930616 0.930616 0.930616
4012.910645 0.000000 1506.593384 0.000000 0.379354 0.000000 -0.925252 0.953409 0.953409 0.953409
4027.572266 0.000000 1520.509644 0.000000 0.416177 0.000000 -0.909284 1.226354 1.226354 1.226354
4015.417725 0.000000 1495.229370 0.000000 0.999974 0.000000 -0.007244 0.800897 0.800897 0.800897
4022.279785 0.000000 1507.880005 0.000000 0.018791 0.000000 0.999823 0.220352 0.220352 0.220352
4028.209229 0.000000 1533.819824 0.000000 0.483939 0.000000 -0.875102 1.168204 1.168204 1.168204
4046.208008 0.000000 1524.616089 0.000000 0.296689 0.000000 -0.954974 1.012994 1.012994 1.012994
4015.610840 0.000000 1492.259155 0.000000 0.802894 0.000000 0.596122 0.584430 0.584430 0.584430
4003.914551 0.000000 1498.443604 0.000000 0.716919 0.000000 -0.697157 1.065003 1.065003 1.065003
4054.711670 0.000000 1511.799683 0.000000 0.510834 0.000000 0.859679 0.614022 0.614022 0.614022
4033.464355 0.000000 1532.985596 0.000000 0.499323 0.000000 0.866416 0.347898 0.347898 0.347898
3998.703613 0.000000 1494.108032 0.000000 0.999343 0.000000 -0.036247 0.818464 0.818464 0.818464
4045.032471 0.000000 1528.265381 0.000000 0.985617 0.000000 -0.168997 0.834594 0.834594 0.834594
4052.975342 0.000000 1510.706543 0.000000 0.197360 0.000000 -0.980331 1.054864 1.054864 1.054864
4011.831055 0.000000 1498.393311 0.000000 0.031000 0.000000 -0.999519 1.153663 1.153663 1.153663
4026.646484 0.000000 1522.302734 0.000000 0.867054 0.000000 0.498215 0.541674 0.541674 0.541674
4012.706299 0.000000 1510.903442 0.000000 0.813494 0.000000 0.581573 0.607861 0.607861 0.607861
4044.782959 0.000000 1526.143188 0.000000 0.321299 0.000000 0.946978 0.372759 0.372759 0.372759
4024.086670 0.000000 1509.595825 0.000000 0.959813 0.000000 0.280642 0.733528 0.733528 0.733528
4023.252197 0.000000 1519.579834 0.000000 0.132240 0.000000 -0.991218 1.055640 1.055640 1.055640
4000.449707 0.000000 1495.848877 0.000000 0.209128 0.000000 0.977888 0.248556 0.248556 0.248556
4010.445801 0.000000 1501.040283 0.000000 0.704460 0.000000 -0.709743 0.959185 0.959185 0.959185
4027.683838 0.000000 1531.822266 0.000000 0.999170 0.000000 -0.040745 0.810094 0.810094 0.810094
4028.723145 0.000000 1530.014160 0.000000 0.081379 0.000000 -0.996683 1.478196 1.478196 1.478196
4013.676758 0.000000 1508.350464 0.000000 0.801643 0.000000 0.597803 0.544051 0.544051 0.544051
4039.579590 0.000000 1535.095581 0.000000 0.095698 0.000000 -0.995410 1.121096 1.121096 1.121096
3999.128174 0.000000 1511.456177 0.000000 0.832778 0.000000 -0.553608 1.053100 1.053100 1.053100
4062.617432 0.000000 1504.675293 0.000000 0.997778 0.000000 -0.066633 0.814117 0.814117 0.814117
4031.429443 0.000000 1532.259399 0.000000 0.419046 0.000000 0.907965 0.220217 0.220217 0.220217
4027.763184 0.000000 1526.266602 0.000000 0.571318 0.000000 0.820729 0.401998 0.401998 0.401998
4011.918945 0.000000 1512.551025 0.000000 0.802420 0.000000 0.596759 0.621200 0.621200 0.621200
4028.501953 0.000000 1511.088867 0.000000 0.806637 0.000000 -0.591047 1.027334 1.027334 1.027334
4030.285400 0.000000 1511.035522 0.000000 0.787300 0.000000 0.616571 0.529307 0.529307 0.529307
4004.931885 0.000000 1516.235474 0.000000 0.129444 0.000000 -0.991587 1.205798 1.205798 1.205798
4058.739990 0.000000 1503.136230 0.000000 0.295093 0.000000 0.955469 0.315055 0.315055 0.315055
4025.356934 0.000000 1525.246826 0.000000 0.746648 0.000000 0.665219 0.472948 0.472948 0.472948
4056.769287 0.000000 1505.488525 0.000000 0.942018 0.000000 -0.335563 0.948311 0.948311 0.948311
4030.924805 0.000000 1530.734741 0.000000 0.455304 0.000000 -0.890336 1.359249 1.359249 1.359249
4066.695068 0.000000 1503.963989 0.000000 0.156820 0.000000 -0.987627 1.519801 1.519801 1.519801
4083.327393 0.000000 1483.960449 0.000000 0.564414 0.000000 0.825492 0.734058 0.734058 0.734058
4080.475586 0.000000 1485.065186 0.000000 0.325745 0.000000 -0.945458 0.894034 0.894034 0.894034
4096.371094 0.000000 1495.606445 0.000000 0.845639 0.000000 -0.533756 0.868596 0.868596 0.868596
4085.393066 0.000000 1485.667725 0.000000 0.587919 0.000000 -0.808919 0.905393 0.905393 0.905393
4099.545898 0.000000 1469.091064 0.000000 0.778354 0.000000 -0.627826 0.870493 0.870493 0.870493
4064.242188 0.000000 1541.039429 0.000000 0.999760 0.000000 0.021915 0.796805 0.796805 0.796805
4063.136230 0.000000 1545.829224 0.000000 0.908652 0.000000 -0.417554 0.856781 0.856781 0.856781
4119.856934 0.000000 1465.074097 0.000000 0.997531 0.000000 0.070228 0.764204 0.764204 0.764204
4113.115234 0.000000 1469.022827 0.000000 0.972731 0.000000 -0.231935 0.826647 0.826647 0.826647
4067.895996 0.000000 1502.109741 0.000000 0.331447 0.000000 -0.943474 1.427941 1.427941 1.427941
4121.647949 0.000000 1461.887695 0.000000 0.817477 0.000000 0.575961 0.698253 0.698253 0.698253
4100.950684 0.000000 1490.789673 0.000000 0.869883 0.000000 -0.493258 0.880359 0.880359 0.880359
4088.010498 0.000000 1461.747559 0.000000 0.671604 0.000000 -0.740910 1.063314 1.063314 1.063314
4118.996094 0.000000 1467.515015 0.000000 0.981628 0.000000 -0.190806 0.844095 0.844095 0.844095
4071.459961 0.000000 1502.410034 0.000000 0.589207 0.000000 -0.807982 1.008551 1.008551 1.008551
4090.448242 0.000000 1486.029541 0.000000 0.341233 0.000000 0.939979 0.399552 0.399552 0.399552
4082.362549 0.000000 1485.705078 0.000000 0.814364 0.000000 -0.580355 1.086896 1.086896 1.086896
4085.088867 0.000000 1499.692749 0.000000 0.552641 0.000000 -0.833419 1.053848 1.053848 1.053848
4064.754395 0.000000 1504.325439 0.000000 0.515978 0.000000 0.856602 0.510322 0.510322 0.510322
4106.508789 0.000000 1471.787598 0.000000 0.261604 0.000000 0.965175 0.200018 0.200018 0.200018
4101.427246 0.000000 1468.894897 0.000000 0.247536 0.000000 0.968879 0.317306 0.317306 0.317306
4085.009033 0.000000 1491.661499 0.000000 0.930867 0.000000 0.365359 0.648358 0.648358 0.648358
4084.171875 0.000000 1489.085938 0.000000 0.669857 0.000000 -0.742491 1.112524 1.112524 1.112524
4063.047852 0.000000 1542.569214 0.000000 0.855651 0.000000 0.517553 0.601175 0.601175 0.601175
4095.866211 0.000000 1490.529419 0.000000 0.088416 0.000000 0.996084 0.252319 0.252319 0.252319
4118.706055 0.000000 1463.748413 0.000000 0.563281 0.000000 0.826265 0.566936 0.566936 0.566936
4093.030518 0.000000 1488.513306 0.000000 0.335915 0.000000 -0.941892 1.087007 1.087007 1.087007
4092.104980 0.000000 1471.888550 0.000000 0.958482 0.000000 -0.285152 0.917816 0.917816 0.917816
4114.434570 0.000000 1466.376587 0.000000 0.272229 0.000000 0.962233 0.140417 0.140417 0.140417
4090.324463 0.000000 1471.873047 0.000000 0.342577 0.000000 -0.939490 1.236564 1.236564 1.236564
4065.372314 0.000000 1542.219727 0.000000 0.954033 0.000000 0.299703 0.677808 0.677808 0.677808
4068.259277 0.000000 1500.369385 0.000000 0.510794 0.000000 0.859703 0.529286 0.529286 0.529286
3930.397217 0.000000 1717.954468 0.000000 0.596398 0.000000 -0.802689 1.144286 1.144286 1.144286
3933.340088 0.000000 1719.479126 0.000000 0.677294 0.000000 -0.735712 1.026208 1.026208 1.026208
3932.684326 0.000000 1705.581421 0.000000 0.192997 0.000000 -0.981199 1.319629 1.319629 1.319629
3932.752197 0.000000 1699.424194 0.000000 0.923257 0.000000 0.384184 0.687379 0.687379 0.687379
3931.697510 0.000000 1719.020996 0.000000 0.301745 0.000000 -0.953389 1.158558 1.158558 1.158558
3997.013672 0.000000 1658.127319 0.000000 0.991314 0.000000 -0.131514 0.810274 0.810274 0.810274
3941.406738 0.000000 1696.220825 0.000000 0.095219 0.000000 -0.995456 1.430613 1.430613 1.430613
3997.226318 0.000000 1664.268677 0.000000 0.854316 0.000000 -0.519754 1.024873 1.024873 1.024873
3988.693604 0.000000 1671.505249 0.000000 0.931194 0.000000 -0.364524 0.861853 0.861853 0.861853
3986.915039 0.000000 1673.427612 0.000000 0.940740 0.000000 -0.339127 0.919547 0.919547 0.919547
3938.990479 0.000000 1703.110107 0.000000 0.984190 0.000000 0.177118 0.760881 0.760881 0.760881
3976.422119 0.000000 1684.929565 0.000000 0.975950 0.000000 -0.217996 0.890855 0.890855 0.890855
3969.311768 0.000000 1696.809204 0.000000 0.578269 0.000000 -0.815846 1.175432 1.175432 1.175432
3935.376221 0.000000 1698.176636 0.000000 0.090163 0.000000 0.995927 0.205656 0.205656 0.205656
3994.670410 0.000000 1662.218506 0.000000 0.536092 0.000000 -0.844160 1.002729 1.002729 1.002729
3964.230957 0.000000 1701.982910 0.000000 0.990358 0.000000 0.138530 0.759197 0.759197 0.759197
3973.629639 0.000000 1693.204590 0.000000 0.987835 0.000000 0.155506 0.730146 0.730146 0.730146
3943.074707 0.000000 1695.718262 0.000000 0.914619 0.000000 0.404317 0.677797 0.677797 0.677797
3982.691650 0.000000 1679.611328 0.000000 0.826588 0.000000 -0.562808 1.037587 1.037587 1.037587
3940.500977 0.000000 1697.657593 0.000000 0.879147 0.000000 -0.476550 1.012305 1.012305 1.012305
4033.474365 0.000000 1676.217896 0.000000 0.638157 0.000000 0.769906 0.452517 0.452517 0.452517
4030.828125 0.000000 1677.458374 0.000000 0.163615 0.000000 0.986524 0.617415 0.617415 0.617415
4041.107910 0.000000 1678.169678 0.000000 0.991215 0.000000 0.132262 0.732442 0.732442 0.732442
4053.812500 0.000000 1696.151855 0.000000 0.218442 0.000000 -0.975850 1.048163 1.048163 1.048163
4007.947510 0.000000 1671.247192 0.000000 0.528671 0.000000 -0.848827 1.170525 1.170525 1.170525
4032.672363 0.000000 1677.984253 0.000000 0.987188 0.000000 0.159561 0.736630 0.736630 0.736630
4047.543457 0.000000 1693.523682 0.000000 0.986585 0.000000 -0.163246 0.838973 0.838973 0.838973
4056.061768 0.000000 1694.892090 0.000000 0.995592 0.000000 0.093795 0.780864 0.780864 0.780864
4006.309326 0.000000 1671.800537 0.000000 0.891664 0.000000 -0.452698 0.971705 0.971705 0.971705
4069.414307 0.000000 1693.326050 0.000000 0.469462 0.000000 -0.882953 1.067994 1.067994 1.067994
4069.424072 0.000000 1688.204224 0.000000 0.458753 0.000000 -0.888564 1.215224 1.215224 1.215224
3933.151123 0.000000 1719.839844 0.000000 0.802658 0.000000 0.596439 0.625140 0.625140 0.625140
3940.545166 0.000000 1777.595581 0.000000 0.962755 0.000000 0.270375 0.684077 0.684077 0.684077
3979.997803 0.000000 1757.121460 0.000000 0.143291 0.000000 -0.989681 1.008056 1.008056 1.008056
3941.840576 0.000000 1775.338013 0.000000 0.055881 0.000000 -0.998437 1.002715 1.002715 1.002715
3939.703125 0.000000 1767.200317 0.000000 0.582544 0.000000 -0.812799 0.932668 0.932668 0.932668
3958.328613 0.000000 1733.693115 0.000000 0.348238 0.000000 -0.937406 1.018417 1.018417 1.018417
3959.465820 0.000000 1784.222900 0.000000 0.980922 0.000000 0.194400 0.722240 0.722240 0.722240
3940.380371 0.000000 1723.674316 0.000000 0.265762 0.000000 -0.964039 1.294002 1.294002 1.294002
3951.293457 0.000000 1728.029419 0.000000 0.999843 0.000000 -0.017698 0.803358 0.803358 0.803358
3962.154297 0.000000 1780.255859 0.000000 0.908450 0.000000 -0.417994 0.879238 0.879238 0.879238
3937.026367 0.000000 1764.025757 0.000000 0.738149 0.000000 0.674638 0.533797 0.533797 0.533797
3937.960938 0.000000 1770.451294 0.000000 0.915515 0.000000 -0.402285 0.880207 0.880207 0.880207
3956.213379 0.000000 1786.802612 0.000000 0.581694 0.000000 -0.813408 1.105473 1.105473 1.105473
3948.618408 0.000000 1722.932007 0.000000 0.885605 0.000000 -0.464439 0.909972 0.909972 0.909972
3955.341797 0.000000 1731.273193 0.000000 0.960243 0.000000 0.279166 0.700548 0.700548 0.700548
3956.039062 0.000000 1733.433350 0.000000 0.385449 0.000000 0.922729 0.412752 0.412752 0.412752
3958.422852 0.000000 1735.580811 0.000000 0.979751 0.000000 -0.200218 0.847105 0.847105 0.847105
3952.707520 0.000000 1729.108398 0.000000 0.927092 0.000000 0.374833 0.681825 0.681825 0.681825
3953.359131 0.000000 1730.987183 0.000000 0.892372 0.000000 0.451300 0.673755 0.673755 0.673755
3954.836182 0.000000 1788.468628 0.000000 0.992418 0.000000 -0.122907 0.848481 0.848481 0.848481
3990.614990 0.000000 1756.679443 0.000000 0.215054 0.000000 0.976602 0.153658 0.153658 0.153658
4882.308105 0.000000 1802.005005 0.000000 0.918688 0.000000 -0.394985 0.840549 0.840549 0.840549
4884.385742 0.000000 1802.385620 0.000000 0.986728 0.000000 -0.162381 0.852773 0.852773 0.852773
4889.837891 0.000000 1801.187988 0.000000 0.362900 0.000000 -0.931828 1.061112 1.061112 1.061112
4888.031738 0.000000 1801.272583 0.000000 0.050296 0.000000 -0.998734 1.131007 1.131007 1.131007
4829.991699 0.000000 1834.823486 0.000000 0.991888 0.000000 -0.127116 0.816292 0.816292 0.816292
4833.323242 0.000000 1832.298462 0.000000 0.313910 0.000000 0.949453 0.590040 0.590040 0.590040
4834.533691 0.000000 1819.625732 0.000000 0.140703 0.000000 -0.990052 1.528102 1.528102 1.528102
4828.046387 0.000000 1829.729004 0.000000 0.925614 0.000000 -0.378468 0.896901 0.896901 0.896901
4854.811035 0.000000 1877.940430 0.000000 0.743151 0.000000 -0.669124 0.810248 0.810248 0.810248
4847.717285 0.000000 1834.705200 0.000000 0.190493 0.000000 0.981689 0.753174 0.753174 0.753174
4843.473145 0.000000 1822.847778 0.000000 0.934736 0.000000 -0.355343 0.985017 0.985017 0.985017
4855.903320 0.000000 1837.742065 0.000000 0.998569 0.000000 0.053484 0.795832 0.795832 0.795832
4867.830078 0.000000 1856.468750 0.000000 0.692386 0.000000 -0.721527 1.210495 1.210495 1.210495
4839.267578 0.000000 1837.806274 0.000000 0.947454 0.000000 -0.319893 0.824713 0.824713 0.824713
4888.092773 0.000000 1871.157349 0.000000 0.232257 0.000000 -0.972655 0.952139 0.952139 0.952139
4856.687988 0.000000 1875.842529 0.000000 0.879072 0.000000 0.476688 0.600529 0.600529 0.600529
4862.509766 0.000000 1842.716431 0.000000 0.204375 0.000000 -0.978893 1.416115 1.416115 1.416115
4854.331543 0.000000 1864.182007 0.000000 0.296728 0.000000 0.954962 0.153433 0.153433 0.153433
4896.926758 0.000000 1882.565186 0.000000 0.613771 0.000000 -0.789484 0.890871 0.890871 0.890871
4870.256348 0.000000 1861.956299 0.000000 0.984784 0.000000 -0.173783 0.825118 0.825118 0.825118
4862.239258 0.000000 1847.481934 0.000000 0.240963 0.000000 0.970534 0.622369 0.622369 0.622369
4862.744141 0.000000 1873.104858 0.000000 0.432821 0.000000 -0.901480 1.372029 1.372029 1.372029
4894.025391 0.000000 1880.825806 0.000000 0.714339 0.000000 -0.699800 0.906819 0.906819 0.906819
4858.006348 0.000000 1806.888062 0.000000 0.664444 0.000000 0.747338 0.681997 0.681997 0.681997
4862.793457 0.000000 1813.610352 0.000000 0.971565 0.000000 0.236774 0.684462 0.684462 0.684462
4871.674805 0.000000 1860.078979 0.000000 0.698015 0.000000 0.716083 0.685222 0.685222 0.685222
4862.973633 0.000000 1822.408813 0.000000 0.489596 0.000000 -0.871949 1.252699 1.252699 1.252699
4844.626465 0.000000 1824.854126 0.000000 0.737492 0.000000 0.675355 0.678571 0.678571 0.678571
4855.749023 0.000000 1809.236450 0.000000 0.995821 0.000000 0.091329 0.759449 0.759449 0.759449
4866.443848 0.000000 1858.242310 0.000000 0.980495 0.000000 -0.196544 0.827658 0.827658 0.827658
4870.266602 0.000000 1857.074219 0.000000 0.465067 0.000000 -0.885275 1.010603 1.010603 1.010603
4864.217773 0.000000 1876.011719 0.000000 0.839922 0.000000 0.542708 0.692301 0.692301 0.692301
4858.578125 0.000000 1853.339844 0.000000 0.965731 0.000000 -0.259546 0.849816 0.849816 0.849816
4839.480469 0.000000 1810.647217 0.000000 0.789930 0.000000 0.613198 0.498091 0.498091 0.498091
4855.039551 0.000000 1866.215820 0.000000 0.907699 0.000000 0.419623 0.596757 0.596757 0.596757
4848.427246 0.000000 1815.773193 0.000000 0.639661 0.000000 -0.768657 1.162469 1.162469 1.162469
4862.356445 0.000000 1870.207275 0.000000 0.200376 0.000000 -0.979719 1.032418 1.032418 1.032418
4891.374023 0.000000 1854.644043 0.000000 0.939268 0.000000 0.343185 0.739831 0.739831 0.739831
4888.496582 0.000000 1883.309692 0.000000 0.346452 0.000000 -0.938068 1.004175 1.004175 1.004175
4853.957031 0.000000 1869.882202 0.000000 0.794425 0.000000 -0.607362 0.927760 0.927760 0.927760
4854.064453 0.000000 1811.628052 0.000000 0.820576 0.000000 -0.571537 0.905712 0.905712 0.905712
4841.545410 0.000000 1822.121216 0.000000 0.799171 0.000000 0.601103 0.471565 0.471565 0.471565
4879.508789 0.000000 1822.103516 0.000000 0.688950 0.000000 -0.724809 0.973262 0.973262 0.973262
4871.453125 0.000000 1853.068359 0.000000 0.910087 0.000000 -0.414417 0.877662 0.877662 0.877662
4846.906738 0.000000 1829.824463 0.000000 0.602081 0.000000 0.798435 0.626398 0.626398 0.626398
4869.073730 0.000000 1844.209106 0.000000 0.692401 0.000000 -0.721513 0.981901 0.981901 0.981901
4855.980469 0.000000 1862.911987 0.000000 0.178418 0.000000 0.983955 0.091357 0.091357 0.091357
4862.484863 0.000000 1853.533325 0.000000 0.986431 0.000000 -0.164175 0.829315 0.829315 0.829315
4861.650879 0.000000 1863.517334 0.000000 0.275797 0.000000 0.961216 0.346063 0.346063 0.346063
4865.326660 0.000000 1879.937012 0.000000 0.287375 0.000000 0.957818 0.342639 0.342639 0.342639
4845.986328 0.000000 1826.319336 0.000000 0.935941 0.000000 -0.352157 0.915001 0.915001 0.915001
4858.933594 0.000000 1808.670532 0.000000 0.092423 0.000000 0.995720 0.047138 0.047138 0.047138
4897.780273 0.000000 1889.923218 0.000000 0.009549 0.000000 -0.999954 1.445464 1.445464 1.445464
4887.239258 0.000000 1860.540161 0.000000 0.487573 0.000000 -0.873082 1.126487 1.126487 1.126487
4861.813965 0.000000 1866.245117 0.000000 0.812792 0.000000 -0.582553 1.116714 1.116714 1.116714
4890.503906 0.000000 1874.941162 0.000000 0.977376 0.000000 -0.211508 0.848949 0.848949 0.848949
4844.236328 0.000000 1821.135620 0.000000 0.634210 0.000000 0.773161 0.563466 0.563466 0.563466
4858.589355 0.000000 1865.620728 0.000000 0.328105 0.000000 0.944641 0.513528 0.513528 0.513528
4899.997559 0.000000 1831.939941 0.000000 0.868266 0.000000 -0.496098 0.952404 0.952404 0.952404
4862.530762 0.000000 1844.702148 0.000000 0.999322 0.000000 0.036827 0.790142 0.790142 0.790142
4861.490234 0.000000 1882.953003 0.000000 0.779225 0.000000 -0.626745 1.085455 1.085455 1.085455
4856.215820 0.000000 1811.003418 0.000000 0.905656 0.000000 0.424013 0.642584 0.642584 0.642584
4842.687500 0.000000 1824.484375 0.000000 0.987312 0.000000 -0.158794 0.869432 0.869432 0.869432
4846.655273 0.000000 1836.281006 0.000000 0.378752 0.000000 0.925498 0.235618 0.235618 0.235618
4874.690430 0.000000 1861.323120 0.000000 0.549016 0.000000 -0.835812 1.084614 1.084614 1.084614
4866.032715 0.000000 1856.517090 0.000000 0.726249 0.000000 0.687431 0.413981 0.413981 0.413981
4877.474121 0.000000 1859.688354 0.000000 0.794906 0.000000 0.606732 0.591666 0.591666 0.591666
4858.182129 0.000000 1841.385132 0.000000 0.645954 0.000000 0.763376 0.432254 0.432254 0.432254
4850.644531 0.000000 1812.650391 0.000000 0.454002 0.000000 0.891001 0.240006 0.240006 0.240006
4866.212402 0.000000 1882.840576 0.000000 0.998957 0.000000 0.045665 0.788595 0.788595 0.788595
4895.387207 0.000000 1884.002319 0.000000 0.955222 0.000000 0.295890 0.656613 0.656613 0.656613
4866.900391 0.000000 1855.026367 0.000000 0.241821 0.000000 -0.970321 1.292797 1.292797 1.292797
4868.683594 0.000000 1854.973022 0.000000 0.998050 0.000000 -0.062419 0.831810 0.831810 0.831810
4844.088867 0.000000 1837.402222 0.000000 0.929430 0.000000 -0.368998 0.950964 0.950964 0.950964
4878.998535 0.000000 1824.814941 0.000000 0.487533 0.000000 0.873104 0.424736 0.424736 0.424736
4859.457520 0.000000 1840.137939 0.000000 0.317591 0.000000 0.948228 0.271744 0.271744 0.271744
4893.007324 0.000000 1827.318481 0.000000 0.340833 0.000000 0.940124 0.477576 0.477576 0.477576
4861.089355 0.000000 1816.698608 0.000000 0.907418 0.000000 0.420228 0.690859 0.690859 0.690859
4891.107910 0.000000 1888.295166 0.000000 0.306569 0.000000 0.951849 0.483117 0.483117 0.483117
4867.513672 0.000000 1849.171997 0.000000 0.951950 0.000000 -0.306253 0.924330 0.924330 0.924330
4896.080078 0.000000 1888.919434 0.000000 0.039011 0.000000 -0.999239 1.433280 1.433280 1.433280
4857.726562 0.000000 1874.453003 0.000000 0.127181 0.000000 0.991880 0.220606 0.220606 0.220606
4862.793457 0.000000 1899.594727 0.000000 0.996675 0.000000 0.081476 0.790551 0.790551 0.790551
4892.902344 0.000000 1897.436890 0.000000 0.069246 0.000000 -0.997600 1.564705 1.564705 1.564705
4894.477051 0.000000 1899.410278 0.000000 0.289275 0.000000 -0.957246 1.088277 1.088277 1.088277
4891.282227 0.000000 1900.949707 0.000000 0.811482 0.000000 0.584377 0.675350 0.675350 0.675350
4858.933594 0.000000 1894.654907 0.000000 0.991489 0.000000 -0.130192 0.827902 0.827902 0.827902
4861.499023 0.000000 1900.946655 0.000000 0.718632 0.000000 0.695391 0.635669 0.635669 0.635669
4859.364258 0.000000 1891.774658 0.000000 0.763158 0.000000 -0.646212 0.957167 0.957167 0.957167
4895.623535 0.000000 1906.117065 0.000000 0.936796 0.000000 -0.349877 0.982042 0.982042 0.982042
4884.775879 0.000000 2025.141235 0.000000 0.988003 0.000000 -0.154434 0.803407 0.803407 0.803407
4873.867676 0.000000 2047.544067 0.000000 0.731355 0.000000 -0.681996 0.837473 0.837473 0.837473
4876.509277 0.000000 2038.895874 0.000000 0.812625 0.000000 0.582788 0.746569 0.746569 0.746569
4866.607910 0.000000 2049.726074 0.000000 0.555319 0.000000 -0.831638 0.919645 0.919645 0.919645
4869.226562 0.000000 2021.395874 0.000000 0.783011 0.000000 -0.622008 0.884468 0.884468 0.884468
4877.043945 0.000000 2029.518555 0.000000 0.846123 0.000000 -0.532988 0.879712 0.879712 0.879712
4887.002441 0.000000 2025.499268 0.000000 0.582978 0.000000 -0.812488 0.943959 0.943959 0.943959
4871.862793 0.000000 2048.891846 0.000000 0.056279 0.000000 -0.998415 1.401934 1.401934 1.401934
4879.506348 0.000000 2022.107178 0.000000 0.789295 0.000000 0.614014 0.695685 0.695685 0.695685
4879.312500 0.000000 2028.867065 0.000000 0.955126 0.000000 -0.296201 0.851051 0.851051 0.851051
4888.767090 0.000000 2021.746216 0.000000 0.676454 0.000000 -0.736485 1.086044 1.086044 1.086044
4880.874023 0.000000 2018.533325 0.000000 0.019520 0.000000 0.999809 0.009942 0.009942 0.009942
4862.862793 0.000000 2049.183838 0.000000 0.982354 0.000000 0.187029 0.745140 0.745140 0.745140
4867.095215 0.000000 2015.091064 0.000000 0.080979 0.000000 -0.996716 1.130263 1.130263 1.130263
4875.753906 0.000000 2046.494751 0.000000 0.563243 0.000000 -0.826291 1.091344 1.091344 1.091344
4877.143555 0.000000 2042.281250 0.000000 0.980013 0.000000 0.198935 0.740802 0.740802 0.740802
4865.597656 0.000000 2016.497070 0.000000 0.435212 0.000000 0.900328 0.531446 0.531446 0.531446
4869.827637 0.000000 2048.165771 0.000000 0.999472 0.000000 0.032492 0.791368 0.791368 0.791368
4886.690918 0.000000 2021.185181 0.000000 0.984766 0.000000 0.173886 0.757065 0.757065 0.757065
4903.772461 0.000000 1841.720093 0.000000 0.889634 0.000000 0.456673 0.602036 0.602036 0.602036
4906.294434 0.000000 1846.047241 0.000000 0.755821 0.000000 -0.654779 0.918342 0.918342 0.918342
4903.340332 0.000000 1839.786377 0.000000 0.931175 0.000000 0.364573 0.609944 0.609944 0.609944
4923.596191 0.000000 1872.786987 0.000000 0.996474 0.000000 0.083904 0.760406 0.760406 0.760406
4908.728516 0.000000 1821.135620 0.000000 0.295284 0.000000 -0.955410 1.307716 1.307716 1.307716
4933.166504 0.000000 1861.262451 0.000000 0.061203 0.000000 -0.998125 1.152748 1.152748 1.152748
4927.677246 0.000000 1882.814697 0.000000 0.687406 0.000000 -0.726273 1.158799 1.158799 1.158799
4902.058594 0.000000 1841.904663 0.000000 0.463160 0.000000 -0.886275 1.254673 1.254673 1.254673
4904.395996 0.000000 1827.015381 0.000000 0.737771 0.000000 -0.675051 1.177405 1.177405 1.177405
4902.278320 0.000000 1845.114380 0.000000 0.643928 0.000000 -0.765086 1.144509 1.144509 1.144509
4904.395996 0.000000 1912.999756 0.000000 0.109908 0.000000 -0.993942 1.211339 1.211339 1.211339
4916.264160 0.000000 2037.428223 0.000000 0.753646 0.000000 0.657280 0.434731 0.434731 0.434731
4935.034180 0.000000 2054.961182 0.000000 0.358166 0.000000 0.933658 0.747075 0.747075 0.747075
4932.878418 0.000000 2042.367188 0.000000 0.993155 0.000000 0.116804 0.793453 0.793453 0.793453
4925.193359 0.000000 2043.616699 0.000000 0.793955 0.000000 0.607976 0.767370 0.767370 0.767370
4955.677246 0.000000 2028.827026 0.000000 0.771550 0.000000 0.636168 0.751800 0.751800 0.751800
4951.265625 0.000000 2028.533081 0.000000 0.994717 0.000000 -0.102653 0.847238 0.847238 0.847238
4937.918945 0.000000 2025.611572 0.000000 0.315658 0.000000 0.948873 0.677704 0.677704 0.677704
4958.150879 0.000000 2022.368652 0.000000 0.884826 0.000000 -0.465921 0.854209 0.854209 0.854209
4922.614258 0.000000 2042.193481 0.000000 0.735769 0.000000 0.677232 0.727189 0.727189 0.727189
4918.823730 0.000000 2036.150757 0.000000 0.482784 0.000000 -0.875739 0.927859 0.927859 0.927859
4961.182129 0.000000 2022.028320 0.000000 0.697487 0.000000 -0.716597 0.882972 0.882972 0.882972
4940.542969 0.000000 2025.367676 0.000000 0.680293 0.000000 -0.732940 0.906795 0.906795 0.906795
4959.858398 0.000000 2024.051514 0.000000 0.564507 0.000000 -0.825428 0.972592 0.972592 0.972592
4937.476562 0.000000 2027.736572 0.000000 0.053144 0.000000 -0.998587 1.381964 1.381964 1.381964
4919.518555 0.000000 2052.082520 0.000000 0.193723 0.000000 0.981056 0.126769 0.126769 0.126769
4953.242676 0.000000 2024.279907 0.000000 0.396069 0.000000 -0.918221 1.157883 1.157883 1.157883
4915.020020 0.000000 2062.818115 0.000000 0.054783 0.000000 -0.998498 1.272335 1.272335 1.272335
4912.194336 0.000000 2057.881104 0.000000 0.947510 0.000000 0.319726 0.743452 0.743452 0.743452
4935.999512 0.000000 2053.115967 0.000000 0.475343 0.000000 0.879800 0.576617 0.576617 0.576617
4952.779785 0.000000 2040.240723 0.000000 0.875523 0.000000 0.483176 0.543173 0.543173 0.543173
4937.060547 0.000000 2045.923340 0.000000 0.664422 0.000000 0.747358 0.622989 0.622989 0.622989
4956.541016 0.000000 2023.141724 0.000000 0.999858 0.000000 0.016831 0.796269 0.796269 0.796269
4952.069336 0.000000 2027.070190 0.000000 0.224721 0.000000 0.974423 0.351677 0.351677 0.351677
4937.605957 0.000000 2052.590820 0.000000 0.644857 0.000000 0.764303 0.539372 0.539372 0.539372
4913.486816 0.000000 2059.040039 0.000000 0.389360 0.000000 -0.921086 1.232620 1.232620 1.232620
4917.882324 0.000000 2037.779663 0.000000 0.745066 0.000000 -0.666990 1.171869 1.171869 1.171869
4928.126465 0.000000 2030.705200 0.000000 0.942113 0.000000 -0.335296 0.974138 0.974138 0.974138
4918.207520 0.000000 2053.509033 0.000000 0.479675 0.000000 -0.877446 1.323827 1.323827 1.323827
4850.684082 0.000000 2074.580811 0.000000 0.962017 0.000000 -0.272991 0.813254 0.813254 0.813254
4843.473145 0.000000 2080.801025 0.000000 0.420468 0.000000 0.907308 0.738696 0.738696 0.738696
4882.739258 0.000000 2081.124268 0.000000 0.590934 0.000000 0.806720 0.661282 0.661282 0.661282
4880.259277 0.000000 2077.236328 0.000000 0.317699 0.000000 -0.948192 1.255952 1.255952 1.255952
4849.346680 0.000000 2076.118164 0.000000 0.942533 0.000000 0.334113 0.730601 0.730601 0.730601
4858.933594 0.000000 2066.623779 0.000000 0.706981 0.000000 0.707232 0.646240 0.646240 0.646240
4847.163574 0.000000 2077.603027 0.000000 0.510809 0.000000 -0.859694 1.019047 1.019047 1.019047
4878.319336 0.000000 2076.472412 0.000000 0.896145 0.000000 0.443761 0.565830 0.565830 0.565830
4883.004395 0.000000 2079.092773 0.000000 0.880883 0.000000 0.473333 0.653268 0.653268 0.653268
4906.469727 0.000000 2074.441895 0.000000 0.242956 0.000000 -0.970037 1.400894 1.400894 1.400894
4911.842773 0.000000 2075.618652 0.000000 0.640258 0.000000 -0.768160 0.882227 0.882227 0.882227
4907.420410 0.000000 2076.224365 0.000000 0.999946 0.000000 -0.010392 0.803425 0.803425 0.803425
4914.256348 0.000000 2063.656006 0.000000 0.588717 0.000000 -0.808339 1.093288 1.093288 1.093288
4922.733398 0.000000 2080.516113 0.000000 0.427416 0.000000 -0.904055 1.025521 1.025521 1.025521
4911.655762 0.000000 2077.603027 0.000000 0.535182 0.000000 0.844737 0.605091 0.605091 0.605091
4925.805664 0.000000 2079.518311 0.000000 0.926738 0.000000 0.375709 0.667687 0.667687 0.667687
4942.572266 0.000000 2065.771240 0.000000 0.175508 0.000000 -0.984478 1.123048 1.123048 1.123048
"}
