object={
	name="tree_mangrove_generator_2_0"
	clamp_to_water_level=no
	render_under_water=no
	generated_content=yes
	layer="tree_high_layer"
	pdxmesh="tree_mangrove_01_b_mesh"
	count=147
	transform="3951.920410 0.000000 1534.002930 0.000000 0.418108 0.000000 0.908397 0.271422 0.271422 0.271422
3983.083252 0.000000 1497.632935 0.000000 0.998959 0.000000 0.045617 0.398884 0.398884 0.398884
3937.381348 0.000000 1526.447144 0.000000 0.823400 0.000000 0.567462 0.378006 0.378006 0.378006
3997.226318 0.000000 1492.299927 0.000000 0.898798 0.000000 0.438364 0.377569 0.377569 0.377569
3973.160156 0.000000 1509.461426 0.000000 0.834306 0.000000 -0.551302 0.442276 0.442276 0.442276
3959.795166 0.000000 1511.562378 0.000000 0.981388 0.000000 -0.192037 0.411578 0.411578 0.411578
3962.686035 0.000000 1508.738770 0.000000 0.967739 0.000000 0.251954 0.388046 0.388046 0.388046
3953.970459 0.000000 1534.986084 0.000000 0.051769 0.000000 0.998659 0.296850 0.296850 0.296850
3981.829590 0.000000 1502.761597 0.000000 0.992191 0.000000 -0.124730 0.408617 0.408617 0.408617
3941.629883 0.000000 1510.317505 0.000000 0.585965 0.000000 0.810337 0.351414 0.351414 0.351414
4111.514648 0.000000 1443.702271 0.000000 0.409325 0.000000 -0.912389 0.452785 0.452785 0.452785
4123.362305 0.000000 1457.799561 0.000000 0.960008 0.000000 0.279972 0.389232 0.389232 0.389232
4094.207764 0.000000 1452.618042 0.000000 0.834551 0.000000 -0.550931 0.440496 0.440496 0.440496
4094.915039 0.000000 1454.900879 0.000000 0.891006 0.000000 0.453992 0.371765 0.371765 0.371765
4110.700195 0.000000 1438.631714 0.000000 0.956395 0.000000 -0.292075 0.416427 0.416427 0.416427
4093.407959 0.000000 1456.741943 0.000000 0.311717 0.000000 0.950175 0.333641 0.333641 0.333641
4106.935059 0.000000 1449.390259 0.000000 0.023201 0.000000 0.999731 0.304954 0.304954 0.304954
4029.639160 0.000000 1531.762695 0.000000 0.866076 0.000000 0.499912 0.340404 0.340404 0.340404
4022.125732 0.000000 1505.490356 0.000000 0.847440 0.000000 0.530891 0.391617 0.391617 0.391617
4010.292969 0.000000 1496.438721 0.000000 0.364129 0.000000 0.931348 0.382652 0.382652 0.382652
4055.138184 0.000000 1509.546387 0.000000 0.959957 0.000000 -0.280146 0.431475 0.431475 0.431475
4002.940430 0.000000 1496.211426 0.000000 0.833719 0.000000 -0.552190 0.415189 0.415189 0.415189
4029.431641 0.000000 1512.531250 0.000000 0.016632 0.000000 0.999862 0.347231 0.347231 0.347231
4024.579834 0.000000 1518.110474 0.000000 0.297215 0.000000 0.954811 0.354378 0.354378 0.354378
4006.332764 0.000000 1517.384888 0.000000 0.846161 0.000000 0.532927 0.371375 0.371375 0.371375
4024.287354 0.000000 1511.562378 0.000000 0.068072 0.000000 0.997680 0.300961 0.300961 0.300961
4028.140137 0.000000 1527.979736 0.000000 0.970683 0.000000 -0.240362 0.412726 0.412726 0.412726
4012.159424 0.000000 1495.173828 0.000000 0.467962 0.000000 0.883749 0.326402 0.326402 0.326402
4013.866943 0.000000 1499.048340 0.000000 0.867216 0.000000 0.497933 0.365387 0.365387 0.365387
4117.530273 0.000000 1465.990845 0.000000 0.062619 0.000000 -0.998037 0.564913 0.564913 0.564913
4102.744629 0.000000 1473.657959 0.000000 0.817025 0.000000 -0.576602 0.408592 0.408592 0.408592
4087.071045 0.000000 1495.474609 0.000000 0.913625 0.000000 -0.406557 0.436584 0.436584 0.436584
4084.100098 0.000000 1462.950562 0.000000 0.960704 0.000000 -0.277575 0.414325 0.414325 0.414325
4089.774658 0.000000 1487.973755 0.000000 0.996976 0.000000 0.077713 0.396621 0.396621 0.396621
4097.865234 0.000000 1493.970825 0.000000 0.990750 0.000000 -0.135699 0.407816 0.407816 0.407816
4103.570312 0.000000 1471.439209 0.000000 0.735931 0.000000 0.677056 0.348380 0.348380 0.348380
4093.762451 0.000000 1491.385620 0.000000 0.153771 0.000000 -0.988107 0.491940 0.491940 0.491940
3932.550537 0.000000 1707.401001 0.000000 0.943278 0.000000 -0.332003 0.410308 0.410308 0.410308
3932.953857 0.000000 1701.308838 0.000000 0.832243 0.000000 -0.554410 0.420246 0.420246 0.420246
3934.800293 0.000000 1700.060913 0.000000 0.999259 0.000000 -0.038483 0.400404 0.400404 0.400404
3977.712158 0.000000 1682.727661 0.000000 0.830209 0.000000 0.557452 0.388485 0.388485 0.388485
3977.695557 0.000000 1693.594482 0.000000 0.957566 0.000000 0.288214 0.390949 0.390949 0.390949
3970.857666 0.000000 1697.960693 0.000000 0.847353 0.000000 0.531030 0.375123 0.375123 0.375123
3938.519287 0.000000 1701.143677 0.000000 0.001803 0.000000 -0.999998 0.513595 0.513595 0.513595
3934.551270 0.000000 1703.233643 0.000000 0.958178 0.000000 -0.286175 0.413912 0.413912 0.413912
3967.767334 0.000000 1698.353394 0.000000 0.296252 0.000000 -0.955110 0.481170 0.481170 0.481170
4000.881836 0.000000 1669.751343 0.000000 0.879694 0.000000 -0.475540 0.424250 0.424250 0.424250
4050.609863 0.000000 1694.183594 0.000000 0.021031 0.000000 -0.999779 0.533096 0.533096 0.533096
4057.916992 0.000000 1695.144287 0.000000 0.810709 0.000000 0.585450 0.368147 0.368147 0.368147
3998.703613 0.000000 1666.076782 0.000000 0.463264 0.000000 -0.886221 0.470151 0.470151 0.470151
3932.993408 0.000000 1721.441406 0.000000 0.938020 0.000000 0.346582 0.381445 0.381445 0.381445
3979.681152 0.000000 1759.753174 0.000000 0.765667 0.000000 -0.643237 0.477102 0.477102 0.477102
3954.444824 0.000000 1729.660278 0.000000 0.471429 0.000000 0.881904 0.389755 0.389755 0.389755
3938.340820 0.000000 1722.881836 0.000000 0.781941 0.000000 -0.623353 0.415122 0.415122 0.415122
3957.810303 0.000000 1785.663574 0.000000 0.842573 0.000000 -0.538583 0.411075 0.411075 0.411075
3954.027100 0.000000 1732.814941 0.000000 0.974533 0.000000 -0.224242 0.407566 0.407566 0.407566
3939.540527 0.000000 1764.011108 0.000000 0.982450 0.000000 0.186527 0.392131 0.392131 0.392131
3959.853760 0.000000 1787.120483 0.000000 0.514513 0.000000 0.857483 0.356270 0.356270 0.356270
3960.083008 0.000000 1736.424438 0.000000 0.924146 0.000000 -0.382041 0.421139 0.421139 0.421139
3965.651611 0.000000 1778.739380 0.000000 0.804734 0.000000 0.593636 0.360332 0.360332 0.360332
4826.842773 0.000000 1831.132812 0.000000 0.573445 0.000000 -0.819244 0.516970 0.516970 0.516970
4837.901367 0.000000 1806.221313 0.000000 0.999992 0.000000 0.004071 0.399534 0.399534 0.399534
4854.602051 0.000000 1861.492920 0.000000 0.239797 0.000000 0.970823 0.244100 0.244100 0.244100
4880.181641 0.000000 1829.700317 0.000000 0.821777 0.000000 0.569809 0.329769 0.329769 0.329769
4844.647461 0.000000 1819.308105 0.000000 0.457291 0.000000 0.889317 0.384679 0.384679 0.384679
4855.058105 0.000000 1888.052856 0.000000 0.678480 0.000000 0.734619 0.386405 0.386405 0.386405
4863.266602 0.000000 1851.595703 0.000000 0.967672 0.000000 0.252212 0.394399 0.394399 0.394399
4865.340332 0.000000 1842.782837 0.000000 0.460701 0.000000 0.887556 0.361287 0.361287 0.361287
4873.426758 0.000000 1853.642822 0.000000 0.616012 0.000000 -0.787737 0.435329 0.435329 0.435329
4867.286133 0.000000 1845.019775 0.000000 0.744391 0.000000 -0.667744 0.425921 0.425921 0.425921
4864.565430 0.000000 1848.706909 0.000000 0.772954 0.000000 -0.634463 0.465205 0.465205 0.465205
4859.398438 0.000000 1874.690796 0.000000 0.344428 0.000000 -0.938813 0.439568 0.439568 0.439568
4869.760742 0.000000 1878.080444 0.000000 0.994213 0.000000 -0.107427 0.404246 0.404246 0.404246
4885.420898 0.000000 1873.624146 0.000000 0.996103 0.000000 0.088201 0.395634 0.395634 0.395634
4861.565430 0.000000 1878.527832 0.000000 0.962800 0.000000 -0.270215 0.422542 0.422542 0.422542
4860.735352 0.000000 1890.572021 0.000000 0.782566 0.000000 0.622568 0.346648 0.346648 0.346648
4889.280273 0.000000 1825.411743 0.000000 0.996613 0.000000 0.082237 0.397040 0.397040 0.397040
4891.638672 0.000000 1828.299683 0.000000 0.672375 0.000000 -0.740211 0.431209 0.431209 0.431209
4858.214844 0.000000 1855.471191 0.000000 0.835822 0.000000 -0.549000 0.451072 0.451072 0.451072
4891.096191 0.000000 1883.924805 0.000000 0.666287 0.000000 -0.745695 0.443281 0.443281 0.443281
4866.806152 0.000000 1847.593994 0.000000 0.045748 0.000000 -0.998953 0.478431 0.478431 0.478431
4860.415527 0.000000 1810.104370 0.000000 0.936428 0.000000 0.350858 0.384427 0.384427 0.384427
4864.335938 0.000000 1857.264038 0.000000 0.926717 0.000000 0.375760 0.382881 0.382881 0.382881
4853.012207 0.000000 1867.538086 0.000000 0.941545 0.000000 -0.336886 0.419730 0.419730 0.419730
4864.997559 0.000000 1810.738281 0.000000 0.007488 0.000000 0.999972 0.275108 0.275108 0.275108
4859.464844 0.000000 1880.213501 0.000000 0.961546 0.000000 0.274642 0.381941 0.381941 0.381941
4884.606445 0.000000 1868.553589 0.000000 0.077424 0.000000 0.996998 0.289649 0.289649 0.289649
4857.022949 0.000000 1889.305176 0.000000 0.939096 0.000000 0.343654 0.380382 0.380382 0.380382
4894.483887 0.000000 1834.823486 0.000000 0.957944 0.000000 0.286955 0.377475 0.377475 0.377475
4887.002441 0.000000 1853.530518 0.000000 0.358906 0.000000 0.933374 0.318862 0.318862 0.318862
4891.979492 0.000000 1881.734863 0.000000 0.695375 0.000000 -0.718647 0.444442 0.444442 0.444442
4886.908203 0.000000 1875.884277 0.000000 0.859679 0.000000 -0.510834 0.435070 0.435070 0.435070
4855.259766 0.000000 1890.609863 0.000000 0.605723 0.000000 0.795675 0.350382 0.350382 0.350382
4875.463867 0.000000 1819.503052 0.000000 0.129021 0.000000 -0.991642 0.502919 0.502919 0.502919
4871.695801 0.000000 1819.021484 0.000000 0.149560 0.000000 0.988753 0.304946 0.304946 0.304946
4852.627930 0.000000 1832.387695 0.000000 0.899969 0.000000 -0.435953 0.433110 0.433110 0.433110
4865.908691 0.000000 1840.645508 0.000000 0.972067 0.000000 -0.234702 0.416088 0.416088 0.416088
4890.862793 0.000000 1890.904297 0.000000 0.621564 0.000000 -0.783363 0.462468 0.462468 0.462468
4889.468750 0.000000 1903.627319 0.000000 0.666000 0.000000 0.745952 0.376458 0.376458 0.376458
4898.268066 0.000000 1910.655518 0.000000 0.976129 0.000000 -0.217193 0.409620 0.409620 0.409620
4887.021484 0.000000 1898.944702 0.000000 0.506838 0.000000 -0.862041 0.478877 0.478877 0.478877
4855.749023 0.000000 1895.220825 0.000000 0.989265 0.000000 0.146136 0.388576 0.388576 0.388576
4887.287598 0.000000 1903.007935 0.000000 0.464831 0.000000 0.885399 0.335935 0.335935 0.335935
4870.386230 0.000000 2040.126709 0.000000 0.944116 0.000000 -0.329613 0.411572 0.411572 0.411572
4864.565430 0.000000 2020.675659 0.000000 0.952566 0.000000 -0.304334 0.409728 0.409728 0.409728
4884.827637 0.000000 2021.235840 0.000000 0.470411 0.000000 -0.882448 0.497159 0.497159 0.497159
4881.278809 0.000000 2029.191528 0.000000 0.949681 0.000000 0.313218 0.386320 0.386320 0.386320
4878.865234 0.000000 2038.947266 0.000000 0.741421 0.000000 -0.671041 0.438199 0.438199 0.438199
4899.386719 0.000000 2026.148071 0.000000 0.893160 0.000000 -0.449739 0.429813 0.429813 0.429813
4901.594727 0.000000 1843.569824 0.000000 0.923284 0.000000 0.384118 0.385827 0.385827 0.385827
4927.066406 0.000000 1868.038452 0.000000 0.990470 0.000000 0.137731 0.386754 0.386754 0.386754
4923.890625 0.000000 1874.690796 0.000000 0.519048 0.000000 -0.854745 0.434804 0.434804 0.434804
4929.723633 0.000000 1868.291138 0.000000 0.242330 0.000000 -0.970194 0.458927 0.458927 0.458927
4934.748535 0.000000 1861.956299 0.000000 0.859471 0.000000 -0.511185 0.423844 0.423844 0.423844
4920.454102 0.000000 1870.740234 0.000000 0.999667 0.000000 -0.025805 0.401430 0.401430 0.401430
4903.380859 0.000000 1833.163208 0.000000 0.847754 0.000000 0.530389 0.360920 0.360920 0.360920
4933.034668 0.000000 1864.723755 0.000000 0.175427 0.000000 0.984493 0.310182 0.310182 0.310182
4924.510742 0.000000 2034.185303 0.000000 0.798829 0.000000 0.601558 0.391943 0.391943 0.391943
4960.511230 0.000000 2032.978638 0.000000 0.472048 0.000000 0.881573 0.378446 0.378446 0.378446
4929.641113 0.000000 2045.912476 0.000000 0.892215 0.000000 -0.451610 0.414740 0.414740 0.414740
4935.512695 0.000000 2046.815674 0.000000 0.997595 0.000000 0.069316 0.397229 0.397229 0.397229
4912.091309 0.000000 2059.960938 0.000000 0.528253 0.000000 0.849087 0.306311 0.306311 0.306311
4917.290039 0.000000 2052.184082 0.000000 0.923694 0.000000 0.383131 0.383705 0.383705 0.383705
4924.867676 0.000000 2037.064087 0.000000 0.552355 0.000000 -0.833609 0.443799 0.443799 0.443799
4955.557129 0.000000 2024.590210 0.000000 0.919940 0.000000 0.392059 0.367614 0.367614 0.367614
4953.500488 0.000000 2038.121094 0.000000 0.772555 0.000000 0.634948 0.346071 0.346071 0.346071
4917.504395 0.000000 2039.506836 0.000000 0.773306 0.000000 0.634032 0.365710 0.365710 0.365710
4934.147949 0.000000 2052.671387 0.000000 0.999044 0.000000 -0.043711 0.402271 0.402271 0.402271
4965.766602 0.000000 2030.030884 0.000000 0.711707 0.000000 0.702476 0.355666 0.355666 0.355666
4942.705566 0.000000 2057.279053 0.000000 0.736431 0.000000 -0.676513 0.454536 0.454536 0.454536
4953.565918 0.000000 2029.029297 0.000000 0.248434 0.000000 0.968649 0.322902 0.322902 0.322902
4965.168945 0.000000 2033.767090 0.000000 0.995238 0.000000 -0.097471 0.406093 0.406093 0.406093
4961.347656 0.000000 2034.984131 0.000000 0.718751 0.000000 -0.695268 0.446832 0.446832 0.446832
4965.921387 0.000000 2030.126831 0.000000 0.122659 0.000000 0.992449 0.317588 0.317588 0.317588
4830.686523 0.000000 2076.368164 0.000000 0.762465 0.000000 -0.647030 0.424595 0.424595 0.424595
4833.185547 0.000000 2076.160645 0.000000 0.010523 0.000000 -0.999945 0.498161 0.498161 0.498161
4849.084961 0.000000 2078.233154 0.000000 0.437323 0.000000 0.899305 0.381576 0.381576 0.381576
4880.453125 0.000000 2081.924561 0.000000 0.380909 0.000000 -0.924612 0.452438 0.452438 0.452438
4846.384277 0.000000 2070.159912 0.000000 0.953127 0.000000 0.302571 0.377899 0.377899 0.377899
4839.964355 0.000000 2073.089111 0.000000 0.431896 0.000000 0.901923 0.318608 0.318608 0.318608
4844.626465 0.000000 2082.807373 0.000000 0.238423 0.000000 0.971161 0.330269 0.330269 0.330269
4859.708008 0.000000 2073.644287 0.000000 0.462298 0.000000 0.886725 0.342843 0.342843 0.342843
4851.241699 0.000000 2072.576660 0.000000 0.501056 0.000000 0.865415 0.327927 0.327927 0.327927
4874.913574 0.000000 2074.489746 0.000000 0.615828 0.000000 0.787881 0.341556 0.341556 0.341556
4908.350586 0.000000 2072.532715 0.000000 0.954107 0.000000 0.299465 0.388003 0.388003 0.388003
4909.464355 0.000000 2074.708252 0.000000 0.100726 0.000000 -0.994914 0.476329 0.476329 0.476329
4914.024902 0.000000 2086.860840 0.000000 0.932839 0.000000 -0.360294 0.429630 0.429630 0.429630
"}
