object={
	name="tree_mangrove_generator_3_0"
	clamp_to_water_level=no
	render_under_water=no
	generated_content=yes
	layer="tree_high_layer"
	pdxmesh="tree_mangrove_01_c_mesh"
	count=259
	transform="3943.679932 0.000000 1511.147827 0.000000 0.617281 0.000000 0.786742 0.751712 0.751712 0.751712
3957.730957 0.000000 1510.297852 0.000000 0.281436 0.000000 -0.959580 0.914766 0.914766 0.914766
3982.603760 0.000000 1493.266968 0.000000 0.915566 0.000000 -0.402167 0.801488 0.801488 0.801488
3967.618164 0.000000 1510.973389 0.000000 0.108472 0.000000 0.994099 0.730792 0.730792 0.730792
3990.238281 0.000000 1493.397949 0.000000 0.430423 0.000000 0.902627 0.782461 0.782461 0.782461
3945.327148 0.000000 1531.163208 0.000000 0.883517 0.000000 0.468399 0.777802 0.777802 0.777802
3938.956787 0.000000 1522.316895 0.000000 0.830510 0.000000 0.557004 0.735223 0.735223 0.735223
3983.960449 0.000000 1503.437378 0.000000 0.064452 0.000000 0.997921 0.615883 0.615883 0.615883
3947.746582 0.000000 1534.434692 0.000000 0.403326 0.000000 0.915056 0.696828 0.696828 0.696828
3935.418213 0.000000 1524.161011 0.000000 0.996897 0.000000 -0.078718 0.802550 0.802550 0.802550
3949.319580 0.000000 1530.712524 0.000000 0.677374 0.000000 -0.735639 0.861415 0.861415 0.861415
3956.104004 0.000000 1533.988770 0.000000 0.980638 0.000000 0.195828 0.793387 0.793387 0.793387
3940.545166 0.000000 1519.642456 0.000000 0.198074 0.000000 -0.980187 0.885457 0.885457 0.885457
3970.536377 0.000000 1509.705322 0.000000 0.229143 0.000000 -0.973393 0.888291 0.888291 0.888291
3982.566162 0.000000 1500.678101 0.000000 0.721763 0.000000 0.692140 0.730378 0.730378 0.730378
3940.436523 0.000000 1514.568481 0.000000 0.385266 0.000000 0.922806 0.722537 0.722537 0.722537
3941.840576 0.000000 1517.384888 0.000000 0.285854 0.000000 0.958273 0.704833 0.704833 0.704833
4110.753906 0.000000 1446.307739 0.000000 0.605864 0.000000 0.795568 0.780708 0.780708 0.780708
4120.767578 0.000000 1457.886475 0.000000 0.916844 0.000000 -0.399247 0.827807 0.827807 0.827807
4092.421631 0.000000 1454.615112 0.000000 0.190093 0.000000 0.981766 0.687585 0.687585 0.687585
4110.144531 0.000000 1434.851074 0.000000 0.734907 0.000000 0.678168 0.717390 0.717390 0.717390
4105.225586 0.000000 1450.768555 0.000000 0.374192 0.000000 -0.927351 0.892479 0.892479 0.892479
4088.896973 0.000000 1458.904297 0.000000 0.188195 0.000000 -0.982132 1.011073 1.011073 1.011073
4111.102051 0.000000 1440.901367 0.000000 0.958226 0.000000 -0.286012 0.813035 0.813035 0.813035
4119.031250 0.000000 1461.527222 0.000000 0.367051 0.000000 0.930201 0.746301 0.746301 0.746301
4106.619629 0.000000 1447.283936 0.000000 0.060080 0.000000 0.998194 0.719441 0.719441 0.719441
4108.270020 0.000000 1438.362549 0.000000 0.884202 0.000000 -0.467105 0.838439 0.838439 0.838439
4122.705566 0.000000 1455.276855 0.000000 0.587876 0.000000 0.808951 0.701753 0.701753 0.701753
4090.584473 0.000000 1456.684937 0.000000 0.968379 0.000000 -0.249483 0.822813 0.822813 0.822813
4086.829102 0.000000 1460.650146 0.000000 0.914507 0.000000 0.404569 0.772548 0.772548 0.772548
4022.223145 0.000000 1510.297852 0.000000 0.145171 0.000000 0.989407 0.776945 0.776945 0.776945
4033.964355 0.000000 1535.150146 0.000000 0.855446 0.000000 0.517891 0.762816 0.762816 0.762816
4008.062256 0.000000 1519.594238 0.000000 0.201146 0.000000 0.979561 0.749171 0.749171 0.749171
4056.275146 0.000000 1543.870850 0.000000 0.750160 0.000000 0.661257 0.736364 0.736364 0.736364
4013.637939 0.000000 1493.476074 0.000000 0.104287 0.000000 -0.994547 0.831629 0.831629 0.831629
3998.578125 0.000000 1496.334717 0.000000 0.538985 0.000000 0.842315 0.761593 0.761593 0.761593
4013.634277 0.000000 1512.676514 0.000000 0.822202 0.000000 -0.569196 0.833742 0.833742 0.833742
4046.609863 0.000000 1526.885742 0.000000 0.700406 0.000000 0.713745 0.755710 0.755710 0.755710
4056.885254 0.000000 1503.821045 0.000000 0.586049 0.000000 -0.810275 0.826602 0.826602 0.826602
4026.025635 0.000000 1526.823364 0.000000 0.977560 0.000000 -0.210656 0.826325 0.826325 0.826325
4061.154053 0.000000 1545.358521 0.000000 0.991205 0.000000 0.132339 0.786798 0.786798 0.786798
4011.653320 0.000000 1516.778564 0.000000 0.027254 0.000000 0.999629 0.735261 0.735261 0.735261
4026.719482 0.000000 1510.981567 0.000000 0.533242 0.000000 0.845963 0.678559 0.678559 0.678559
4043.211182 0.000000 1529.344116 0.000000 0.096989 0.000000 0.995285 0.700224 0.700224 0.700224
4029.987793 0.000000 1526.460938 0.000000 0.257408 0.000000 -0.966303 0.882445 0.882445 0.882445
4013.579102 0.000000 1496.983765 0.000000 0.967987 0.000000 -0.251001 0.822955 0.822955 0.822955
4026.750488 0.000000 1530.006226 0.000000 0.417659 0.000000 -0.908604 0.884694 0.884694 0.884694
4010.608643 0.000000 1513.722290 0.000000 0.478474 0.000000 -0.878102 0.889914 0.889914 0.889914
4005.037354 0.000000 1519.642456 0.000000 0.564265 0.000000 0.825594 0.739477 0.739477 0.739477
4055.260254 0.000000 1506.462402 0.000000 0.880443 0.000000 -0.474153 0.829895 0.829895 0.829895
4031.362549 0.000000 1534.142944 0.000000 0.335975 0.000000 -0.941871 0.910381 0.910381 0.910381
4085.364990 0.000000 1493.431641 0.000000 0.284889 0.000000 0.958560 0.735481 0.735481 0.735481
4063.242188 0.000000 1502.994995 0.000000 0.999845 0.000000 0.017602 0.799293 0.799293 0.799293
4064.521240 0.000000 1543.623413 0.000000 0.996931 0.000000 -0.078282 0.809437 0.809437 0.809437
4083.378906 0.000000 1501.500244 0.000000 0.707976 0.000000 -0.706237 0.877995 0.877995 0.877995
4100.499512 0.000000 1488.674927 0.000000 0.084490 0.000000 -0.996424 0.823153 0.823153 0.823153
4083.434082 0.000000 1487.476685 0.000000 0.930111 0.000000 -0.367279 0.816224 0.816224 0.816224
4112.694336 0.000000 1466.640015 0.000000 0.626276 0.000000 -0.779601 0.825713 0.825713 0.825713
4085.946045 0.000000 1497.844360 0.000000 0.303952 0.000000 -0.952687 0.866539 0.866539 0.866539
4102.956055 0.000000 1491.594360 0.000000 0.443949 0.000000 -0.896052 0.913145 0.913145 0.913145
4086.539062 0.000000 1463.330200 0.000000 0.641474 0.000000 0.767145 0.742895 0.742895 0.742895
4073.037354 0.000000 1501.160034 0.000000 0.156979 0.000000 -0.987602 0.923622 0.923622 0.923622
4105.349609 0.000000 1470.192017 0.000000 0.037151 0.000000 0.999310 0.657569 0.657569 0.657569
4099.149902 0.000000 1492.109375 0.000000 0.011620 0.000000 -0.999932 0.892487 0.892487 0.892487
4103.906738 0.000000 1488.331055 0.000000 0.867488 0.000000 -0.497457 0.822774 0.822774 0.822774
4119.245117 0.000000 1462.047363 0.000000 0.383641 0.000000 -0.923482 0.884631 0.884631 0.884631
4091.254150 0.000000 1470.407715 0.000000 0.981885 0.000000 0.189475 0.779555 0.779555 0.779555
4095.677490 0.000000 1470.025757 0.000000 0.917870 0.000000 0.396882 0.778481 0.778481 0.778481
4066.883789 0.000000 1541.525635 0.000000 0.172813 0.000000 0.984955 0.683642 0.683642 0.683642
4101.523926 0.000000 1470.706055 0.000000 0.998792 0.000000 0.049139 0.795464 0.795464 0.795464
4114.923340 0.000000 1464.773804 0.000000 0.056933 0.000000 -0.998378 0.923358 0.923358 0.923358
4096.350586 0.000000 1473.403809 0.000000 0.704393 0.000000 -0.709810 0.858638 0.858638 0.858638
4091.654297 0.000000 1489.510376 0.000000 0.466237 0.000000 0.884660 0.699814 0.699814 0.699814
3927.290771 0.000000 1715.839600 0.000000 0.145624 0.000000 -0.989340 0.823901 0.823901 0.823901
3929.229004 0.000000 1713.229980 0.000000 0.995252 0.000000 -0.097332 0.804731 0.804731 0.804731
3996.527344 0.000000 1661.753052 0.000000 0.862164 0.000000 0.506629 0.788540 0.788540 0.788540
3934.070068 0.000000 1705.530518 0.000000 0.569722 0.000000 -0.821837 0.867623 0.867623 0.867623
3940.266357 0.000000 1699.290527 0.000000 0.098736 0.000000 0.995114 0.717099 0.717099 0.717099
3981.885498 0.000000 1681.203735 0.000000 0.888406 0.000000 -0.459059 0.854010 0.854010 0.854010
3965.146973 0.000000 1703.731445 0.000000 0.633460 0.000000 -0.773776 0.846122 0.846122 0.846122
3974.955322 0.000000 1692.062622 0.000000 0.316576 0.000000 -0.948567 0.957116 0.957116 0.957116
3970.511475 0.000000 1695.150757 0.000000 0.983765 0.000000 -0.179463 0.818920 0.818920 0.818920
3935.418213 0.000000 1696.129761 0.000000 0.637652 0.000000 0.770325 0.766280 0.766280 0.766280
3989.752930 0.000000 1669.249023 0.000000 0.891194 0.000000 0.453622 0.744707 0.744707 0.744707
3965.495605 0.000000 1698.429688 0.000000 0.991039 0.000000 -0.133571 0.805137 0.805137 0.805137
3936.873779 0.000000 1703.029785 0.000000 0.928429 0.000000 0.371510 0.753246 0.753246 0.753246
3973.618896 0.000000 1694.958374 0.000000 0.897835 0.000000 -0.440331 0.823496 0.823496 0.823496
3967.495605 0.000000 1696.189209 0.000000 0.647576 0.000000 0.762001 0.744973 0.744973 0.744973
3994.020020 0.000000 1658.329956 0.000000 0.995721 0.000000 -0.092410 0.805656 0.805656 0.805656
3965.985840 0.000000 1701.101074 0.000000 0.999767 0.000000 0.021595 0.798098 0.798098 0.798098
4039.415283 0.000000 1679.559448 0.000000 0.989398 0.000000 0.145229 0.777732 0.777732 0.777732
4006.241211 0.000000 1670.137329 0.000000 0.497934 0.000000 0.867215 0.684915 0.684915 0.684915
3999.341553 0.000000 1663.181763 0.000000 0.860394 0.000000 -0.509630 0.814098 0.814098 0.814098
4034.641602 0.000000 1678.642212 0.000000 0.418711 0.000000 0.908119 0.744732 0.744732 0.744732
4056.162842 0.000000 1696.941284 0.000000 0.744283 0.000000 0.667864 0.760562 0.760562 0.760562
4002.940430 0.000000 1668.180176 0.000000 0.666398 0.000000 -0.745596 0.862012 0.862012 0.862012
4037.728760 0.000000 1676.273315 0.000000 0.425480 0.000000 -0.904968 0.913878 0.913878 0.913878
4048.774902 0.000000 1692.035156 0.000000 0.999993 0.000000 -0.003827 0.800326 0.800326 0.800326
4054.323486 0.000000 1694.143433 0.000000 0.378946 0.000000 -0.925419 0.874372 0.874372 0.874372
4069.529541 0.000000 1691.611206 0.000000 0.442650 0.000000 -0.896695 0.889967 0.889967 0.889967
4069.420898 0.000000 1686.537231 0.000000 0.062078 0.000000 -0.998071 0.912091 0.912091 0.912091
3931.452393 0.000000 1719.726440 0.000000 0.195798 0.000000 0.980644 0.683120 0.683120 0.683120
3935.010742 0.000000 1720.236938 0.000000 0.945023 0.000000 -0.327004 0.804790 0.804790 0.804790
3942.082520 0.000000 1722.317139 0.000000 0.959266 0.000000 -0.282506 0.835866 0.835866 0.835866
3954.309814 0.000000 1786.906372 0.000000 0.882002 0.000000 -0.471246 0.812937 0.812937 0.812937
3938.917969 0.000000 1774.989624 0.000000 0.389757 0.000000 -0.920918 0.901687 0.901687 0.901687
3937.763428 0.000000 1765.854370 0.000000 0.047002 0.000000 0.998895 0.635659 0.635659 0.635659
3983.960449 0.000000 1761.390503 0.000000 0.979877 0.000000 0.199602 0.771344 0.771344 0.771344
3960.572754 0.000000 1734.155762 0.000000 0.835630 0.000000 0.549292 0.732753 0.732753 0.732753
3940.931396 0.000000 1725.978394 0.000000 0.900188 0.000000 0.435501 0.781371 0.781371 0.781371
3976.616699 0.000000 1756.153564 0.000000 0.891981 0.000000 -0.452072 0.824734 0.824734 0.824734
3990.903809 0.000000 1758.254639 0.000000 0.312275 0.000000 0.949992 0.725662 0.725662 0.725662
3956.507812 0.000000 1788.706421 0.000000 0.935283 0.000000 0.353901 0.775508 0.775508 0.775508
3962.340820 0.000000 1782.306763 0.000000 0.998757 0.000000 -0.049835 0.804242 0.804242 0.804242
3946.139160 0.000000 1722.456543 0.000000 0.111117 0.000000 -0.993807 0.925922 0.925922 0.925922
4889.603516 0.000000 1803.253418 0.000000 0.639378 0.000000 0.768892 0.782657 0.782657 0.782657
4888.691406 0.000000 1799.471680 0.000000 0.678632 0.000000 0.734478 0.706092 0.706092 0.706092
4834.925781 0.000000 1833.721802 0.000000 0.998964 0.000000 0.045506 0.795445 0.795445 0.795445
4836.567383 0.000000 1813.957397 0.000000 0.293473 0.000000 -0.955967 0.815254 0.815254 0.815254
4835.515625 0.000000 1817.820190 0.000000 0.090937 0.000000 0.995857 0.651049 0.651049 0.651049
4832.070312 0.000000 1835.796509 0.000000 0.887398 0.000000 0.461003 0.749761 0.749761 0.749761
4827.790527 0.000000 1834.252563 0.000000 0.979471 0.000000 -0.201583 0.813499 0.813499 0.813499
4827.146484 0.000000 1828.299683 0.000000 0.866405 0.000000 -0.499342 0.837279 0.837279 0.837279
4879.153809 0.000000 1858.897217 0.000000 0.738604 0.000000 -0.674140 0.825709 0.825709 0.825709
4860.621582 0.000000 1854.235352 0.000000 0.328995 0.000000 0.944332 0.673407 0.673407 0.673407
4851.557617 0.000000 1830.242554 0.000000 0.925251 0.000000 -0.379355 0.859450 0.859450 0.859450
4864.075684 0.000000 1845.755737 0.000000 0.589510 0.000000 0.807761 0.750982 0.750982 0.750982
4884.660156 0.000000 1876.229614 0.000000 0.269881 0.000000 0.962894 0.786006 0.786006 0.786006
4894.673828 0.000000 1887.808350 0.000000 0.999864 0.000000 -0.016485 0.800820 0.800820 0.800820
4846.867676 0.000000 1824.259033 0.000000 0.721534 0.000000 -0.692379 0.875609 0.875609 0.875609
4872.858887 0.000000 1862.139893 0.000000 0.998848 0.000000 0.047992 0.793815 0.793815 0.793815
4884.775879 0.000000 1853.172485 0.000000 0.237309 0.000000 0.971434 0.653238 0.653238 0.653238
4893.128906 0.000000 1837.335449 0.000000 0.035899 0.000000 0.999355 0.780687 0.780687 0.780687
4857.208984 0.000000 1891.631104 0.000000 0.923580 0.000000 -0.383405 0.824519 0.824519 0.824519
4852.436523 0.000000 1812.955078 0.000000 0.718301 0.000000 0.695733 0.720703 0.720703 0.720703
4868.710449 0.000000 1842.275269 0.000000 0.785340 0.000000 -0.619065 0.872796 0.872796 0.872796
4866.755859 0.000000 1850.689819 0.000000 0.652630 0.000000 -0.757677 0.903027 0.903027 0.903027
4885.649902 0.000000 1830.861206 0.000000 0.864917 0.000000 0.501915 0.754633 0.754633 0.754633
4861.953125 0.000000 1881.111816 0.000000 0.006112 0.000000 -0.999981 1.039066 1.039066 1.039066
4885.008301 0.000000 1870.823242 0.000000 0.337985 0.000000 -0.941152 0.902109 0.902109 0.902109
4837.739746 0.000000 1835.150513 0.000000 0.010600 0.000000 -0.999944 0.857024 0.857024 0.857024
4858.047852 0.000000 1858.039429 0.000000 0.378341 0.000000 0.925666 0.765983 0.765983 0.765983
4898.658691 0.000000 1838.488770 0.000000 0.287500 0.000000 0.957781 0.743283 0.743283 0.743283
4883.797852 0.000000 1857.637939 0.000000 0.391650 0.000000 0.920114 0.723694 0.723694 0.723694
4867.235840 0.000000 1880.139648 0.000000 0.999508 0.000000 -0.031380 0.803705 0.803705 0.803705
4865.118164 0.000000 1854.919067 0.000000 0.773654 0.000000 0.633609 0.742849 0.742849 0.742849
4869.489746 0.000000 1859.246338 0.000000 0.998914 0.000000 -0.046586 0.803044 0.803044 0.803044
4859.852051 0.000000 1841.781860 0.000000 0.936378 0.000000 0.350994 0.754445 0.754445 0.754445
4869.261719 0.000000 1847.108887 0.000000 0.748587 0.000000 0.663036 0.779153 0.779153 0.779153
4893.731445 0.000000 1883.484497 0.000000 0.097217 0.000000 -0.995263 0.975684 0.975684 0.975684
4888.352539 0.000000 1874.019775 0.000000 0.975787 0.000000 -0.218724 0.817044 0.817044 0.817044
4888.668457 0.000000 1827.939819 0.000000 0.781488 0.000000 -0.623920 0.883968 0.883968 0.883968
4855.375977 0.000000 1868.323853 0.000000 0.380421 0.000000 0.924814 0.654993 0.654993 0.654993
4858.994629 0.000000 1877.926270 0.000000 0.999931 0.000000 -0.011710 0.801193 0.801193 0.801193
4892.937500 0.000000 1891.449097 0.000000 0.381411 0.000000 0.924406 0.708128 0.708128 0.708128
4885.461426 0.000000 1861.156616 0.000000 0.878763 0.000000 -0.477258 0.816396 0.816396 0.816396
4888.192871 0.000000 1877.853638 0.000000 0.082791 0.000000 0.996567 0.640419 0.640419 0.640419
4863.463379 0.000000 1820.140137 0.000000 0.781620 0.000000 -0.623755 0.845603 0.845603 0.845603
4860.445312 0.000000 1807.267700 0.000000 0.168629 0.000000 0.985680 0.697562 0.697562 0.697562
4863.938965 0.000000 1824.618286 0.000000 0.404818 0.000000 0.914397 0.720483 0.720483 0.720483
4870.146973 0.000000 1823.485962 0.000000 0.047076 0.000000 0.998891 0.694097 0.694097 0.694097
4859.132324 0.000000 1888.442993 0.000000 0.834754 0.000000 -0.550623 0.832842 0.832842 0.832842
4845.976074 0.000000 1837.954834 0.000000 0.985466 0.000000 -0.169875 0.820456 0.820456 0.820456
4875.691406 0.000000 1859.726562 0.000000 0.988904 0.000000 -0.148555 0.814384 0.814384 0.814384
4872.621094 0.000000 1857.948730 0.000000 0.742557 0.000000 -0.669783 0.860245 0.860245 0.860245
4870.733398 0.000000 1864.966064 0.000000 0.895139 0.000000 -0.445788 0.844850 0.844850 0.844850
4899.904297 0.000000 1830.096069 0.000000 0.685087 0.000000 -0.728462 0.871878 0.871878 0.871878
4896.562500 0.000000 1835.796509 0.000000 0.564660 0.000000 0.825323 0.756957 0.756957 0.756957
4896.611816 0.000000 1885.198730 0.000000 0.386736 0.000000 0.922191 0.719126 0.719126 0.719126
4857.315430 0.000000 1834.771851 0.000000 0.474993 0.000000 -0.879990 0.860594 0.860594 0.860594
4891.185059 0.000000 1856.858276 0.000000 0.940058 0.000000 0.341016 0.759549 0.759549 0.759549
4887.173340 0.000000 1864.003906 0.000000 0.939605 0.000000 0.342261 0.770697 0.770697 0.770697
4891.801270 0.000000 1886.339233 0.000000 0.768857 0.000000 -0.639421 0.861104 0.861104 0.861104
4895.527832 0.000000 1839.605713 0.000000 0.175200 0.000000 0.984533 0.726462 0.726462 0.726462
4844.188477 0.000000 1827.262207 0.000000 0.993583 0.000000 -0.113101 0.810866 0.810866 0.810866
4883.202148 0.000000 1829.000488 0.000000 0.996791 0.000000 0.080048 0.791694 0.791694 0.791694
4864.715820 0.000000 1882.022583 0.000000 0.879509 0.000000 -0.475883 0.834175 0.834175 0.834175
4857.455078 0.000000 1861.037109 0.000000 0.878842 0.000000 0.477113 0.765133 0.765133 0.765133
4863.288086 0.000000 1808.462891 0.000000 0.360394 0.000000 0.932800 0.716449 0.716449 0.716449
4897.268555 0.000000 1887.721436 0.000000 0.898687 0.000000 0.438590 0.765723 0.765723 0.765723
4860.977051 0.000000 1839.412109 0.000000 0.448127 0.000000 -0.893970 0.899414 0.899414 0.899414
4876.050781 0.000000 1853.398926 0.000000 0.928019 0.000000 0.372534 0.767521 0.767521 0.767521
4897.267090 0.000000 1913.390991 0.000000 0.774159 0.000000 -0.632991 0.840247 0.840247 0.840247
4891.436523 0.000000 1895.912720 0.000000 0.735016 0.000000 -0.678050 0.820090 0.820090 0.820090
4886.600586 0.000000 1896.561890 0.000000 0.884897 0.000000 0.465786 0.780549 0.780549 0.780549
4855.255371 0.000000 1893.017334 0.000000 0.036567 0.000000 0.999331 0.682335 0.682335 0.682335
4860.445312 0.000000 1893.252075 0.000000 0.841706 0.000000 0.539936 0.754890 0.754890 0.754890
4895.083496 0.000000 1897.446655 0.000000 0.161747 0.000000 -0.986832 0.858225 0.858225 0.858225
4892.483887 0.000000 1902.607788 0.000000 0.636986 0.000000 0.770875 0.743041 0.743041 0.743041
4893.151367 0.000000 1891.969238 0.000000 0.222415 0.000000 0.974952 0.695118 0.695118 0.695118
4886.039551 0.000000 1901.186279 0.000000 0.963626 0.000000 0.267254 0.767742 0.767742 0.767742
4882.571777 0.000000 2017.706299 0.000000 0.995932 0.000000 0.090109 0.798919 0.798919 0.798919
4877.813965 0.000000 2023.496948 0.000000 0.483459 0.000000 0.875367 0.734839 0.734839 0.734839
4868.710449 0.000000 2014.244019 0.000000 0.546374 0.000000 0.837542 0.648316 0.648316 0.648316
4877.636230 0.000000 2046.792114 0.000000 0.425613 0.000000 -0.904905 0.858287 0.858287 0.858287
4895.283691 0.000000 2019.727295 0.000000 0.216838 0.000000 0.976208 0.706825 0.706825 0.706825
4883.797852 0.000000 2029.606689 0.000000 0.779657 0.000000 0.626207 0.770808 0.770808 0.770808
4867.235840 0.000000 2052.108398 0.000000 0.987224 0.000000 -0.159338 0.807095 0.807095 0.807095
4889.128906 0.000000 2026.379761 0.000000 0.822162 0.000000 0.569254 0.778591 0.778591 0.778591
4880.602539 0.000000 2026.665161 0.000000 0.983360 0.000000 -0.181667 0.818170 0.818170 0.818170
4864.263672 0.000000 2050.297363 0.000000 0.008341 0.000000 0.999965 0.622126 0.622126 0.622126
4877.960938 0.000000 2027.370239 0.000000 0.749642 0.000000 -0.661844 0.863705 0.863705 0.863705
4896.689941 0.000000 2022.028320 0.000000 0.979451 0.000000 -0.201685 0.819103 0.819103 0.819103
4870.916992 0.000000 2017.136963 0.000000 0.355754 0.000000 -0.934580 0.889682 0.889682 0.889682
4883.382324 0.000000 2027.183105 0.000000 0.820203 0.000000 -0.572072 0.845979 0.845979 0.845979
4909.139648 0.000000 1819.308105 0.000000 0.880695 0.000000 0.473683 0.783147 0.783147 0.783147
4902.231934 0.000000 1835.150513 0.000000 0.998169 0.000000 -0.060479 0.802574 0.802574 0.802574
4933.981934 0.000000 1859.246338 0.000000 0.046475 0.000000 -0.998919 0.838359 0.838359 0.838359
4927.953613 0.000000 1865.025146 0.000000 0.909676 0.000000 -0.415319 0.819503 0.819503 0.819503
4904.983887 0.000000 1831.779663 0.000000 0.665735 0.000000 0.746188 0.704108 0.704108 0.704108
4932.299316 0.000000 1862.731323 0.000000 0.139343 0.000000 -0.990244 0.944045 0.944045 0.944045
4905.831055 0.000000 1840.148926 0.000000 0.787965 0.000000 0.615720 0.754296 0.754296 0.754296
4907.965332 0.000000 1822.847778 0.000000 0.109976 0.000000 0.993934 0.644224 0.644224 0.644224
4906.923340 0.000000 1849.995483 0.000000 0.194426 0.000000 -0.980917 0.919471 0.919471 0.919471
4905.936523 0.000000 1911.910278 0.000000 0.947487 0.000000 -0.319794 0.816578 0.816578 0.816578
4901.788574 0.000000 1905.272339 0.000000 0.184347 0.000000 0.982861 0.716991 0.716991 0.716991
4954.667969 0.000000 2040.458252 0.000000 0.296181 0.000000 -0.955132 0.944592 0.944592 0.944592
4955.111328 0.000000 2022.066162 0.000000 0.979507 0.000000 0.201412 0.780801 0.780801 0.780801
4916.440430 0.000000 2042.538330 0.000000 0.837156 0.000000 -0.546964 0.804855 0.804855 0.804855
4964.245117 0.000000 2031.824097 0.000000 0.992076 0.000000 -0.125637 0.808604 0.808604 0.808604
4926.598145 0.000000 2047.509033 0.000000 0.612488 0.000000 -0.790480 0.851343 0.851343 0.851343
4935.000977 0.000000 2026.879639 0.000000 0.091159 0.000000 0.995836 0.649298 0.649298 0.649298
4953.217285 0.000000 2031.125854 0.000000 0.681483 0.000000 -0.731834 0.828532 0.828532 0.828532
4915.138672 0.000000 2060.040039 0.000000 0.347213 0.000000 -0.937786 0.985821 0.985821 0.985821
4929.334961 0.000000 2031.802734 0.000000 0.833360 0.000000 -0.552731 0.889479 0.889479 0.889479
4917.577148 0.000000 2055.027344 0.000000 0.512487 0.000000 -0.858695 0.947887 0.947887 0.947887
4948.290039 0.000000 2029.606689 0.000000 0.788891 0.000000 -0.614533 0.816258 0.816258 0.816258
4933.981934 0.000000 2031.215088 0.000000 0.911131 0.000000 -0.412117 0.825960 0.825960 0.825960
4953.621094 0.000000 2026.379761 0.000000 0.862808 0.000000 -0.505531 0.853033 0.853033 0.853033
4944.825195 0.000000 2056.756836 0.000000 0.161263 0.000000 -0.986911 0.937593 0.937593 0.937593
4958.028809 0.000000 2025.452637 0.000000 0.500422 0.000000 0.865781 0.744183 0.744183 0.744183
4919.868164 0.000000 2040.292603 0.000000 0.813178 0.000000 -0.582016 0.818983 0.818983 0.818983
4913.844727 0.000000 2056.498291 0.000000 0.999614 0.000000 0.027798 0.798551 0.798551 0.798551
4912.767090 0.000000 2062.756348 0.000000 0.330738 0.000000 0.943722 0.680249 0.680249 0.680249
4963.454590 0.000000 2035.394043 0.000000 0.877626 0.000000 0.479346 0.769448 0.769448 0.769448
4940.319336 0.000000 2043.457520 0.000000 0.309478 0.000000 0.950906 0.656244 0.656244 0.656244
4937.113281 0.000000 2029.917480 0.000000 0.438835 0.000000 -0.898568 0.877601 0.877601 0.877601
4946.751953 0.000000 2054.112793 0.000000 0.984932 0.000000 -0.172943 0.818538 0.818538 0.818538
4926.057617 0.000000 2050.496582 0.000000 0.029424 0.000000 0.999567 0.658698 0.658698 0.658698
4835.515625 0.000000 2075.773438 0.000000 0.543961 0.000000 -0.839110 0.915733 0.915733 0.915733
4872.297363 0.000000 2073.460693 0.000000 0.575755 0.000000 -0.817623 0.813766 0.813766 0.813766
4857.335449 0.000000 2073.597900 0.000000 0.999954 0.000000 -0.009549 0.801219 0.801219 0.801219
4876.650879 0.000000 2075.548584 0.000000 0.818304 0.000000 -0.574786 0.820179 0.820179 0.820179
4838.153320 0.000000 2074.539551 0.000000 0.720505 0.000000 -0.693450 0.899171 0.899171 0.899171
4853.964355 0.000000 2074.064453 0.000000 0.894289 0.000000 -0.447489 0.840864 0.840864 0.840864
4866.151855 0.000000 2066.652588 0.000000 0.768874 0.000000 0.639401 0.723519 0.723519 0.723519
4878.329590 0.000000 2078.279053 0.000000 0.969356 0.000000 -0.245660 0.823199 0.823199 0.823199
4859.967285 0.000000 2075.847412 0.000000 0.973870 0.000000 0.227108 0.779272 0.779272 0.779272
4904.334473 0.000000 2078.631104 0.000000 0.137932 0.000000 -0.990442 0.816307 0.816307 0.816307
4915.689453 0.000000 2064.930420 0.000000 0.974057 0.000000 0.226302 0.793708 0.793708 0.793708
4911.002930 0.000000 2072.618652 0.000000 0.818924 0.000000 -0.573902 0.811720 0.811720 0.811720
4940.983398 0.000000 2069.395020 0.000000 0.844795 0.000000 0.535090 0.775981 0.775981 0.775981
4924.003418 0.000000 2079.102295 0.000000 0.996669 0.000000 0.081551 0.791586 0.791586 0.791586
4936.462891 0.000000 2068.789551 0.000000 0.350592 0.000000 -0.936528 0.883553 0.883553 0.883553
4942.888184 0.000000 2064.059570 0.000000 0.558721 0.000000 0.829355 0.732028 0.732028 0.732028
4915.072754 0.000000 2084.320312 0.000000 0.130844 0.000000 -0.991403 0.963885 0.963885 0.963885
4912.734863 0.000000 2089.239502 0.000000 0.234331 0.000000 0.972157 0.740041 0.740041 0.740041
4943.302246 0.000000 2067.387207 0.000000 0.429182 0.000000 0.903218 0.693288 0.693288 0.693288
4925.545410 0.000000 2081.637207 0.000000 0.695811 0.000000 -0.718225 0.863851 0.863851 0.863851
"}
