object={
	name="desert_fogs"
	clamp_to_water_level=no
	render_under_water=no
	generated_content=no
	layer="env_effect_layer"
	entity="env_desert_plains_ambient"
	count=9
	transform="2468.166748 0.000000 2744.605469 0.000000 0.095731 0.000000 -0.995407 0.476339 0.476339 0.476339
2431.146729 0.000000 2756.127930 0.000000 0.095731 0.000000 -0.995407 0.476339 0.476339 0.476339
2198.676025 -1.485352 2672.668701 0.000000 0.327195 0.000000 -0.944957 0.596752 0.596752 0.596752
2166.486572 -1.485352 2662.900391 0.000000 0.096337 0.000000 -0.995349 0.631813 0.631813 0.631813
2138.723633 0.000000 2656.243652 0.000000 0.127208 0.000000 -0.991876 0.556037 0.556037 0.556037
2088.381592 0.000000 2665.492920 0.000000 0.433071 0.000000 -0.901360 0.556037 0.556037 0.556037
2092.931885 -3.069092 2628.502197 0.000000 0.717936 0.000000 -0.696109 0.461134 0.461134 0.461134
2111.109863 0.000000 2651.370117 0.000000 0.174628 0.000000 -0.984635 0.556037 0.556037 0.556037
2079.561523 0.000000 2644.234375 0.000000 0.447210 0.000000 -0.894429 0.598509 0.598509 0.598509
"}
object={
	name="desert_storm"
	clamp_to_water_level=no
	render_under_water=no
	generated_content=no
	layer="env_effect_layer"
	entity="env_desert_plains"
	count=6
	transform="2545.021973 0.000000 2701.939453 -0.000000 0.033794 0.000000 0.999429 0.729667 0.729667 0.729667
2520.715332 0.000000 2708.680908 -0.000000 0.033794 0.000000 0.999429 0.729667 0.729667 0.729667
2358.169678 0.000000 2750.866455 0.000000 -0.247818 0.000000 0.968807 0.820386 0.820386 0.820386
2331.228760 0.000000 2735.843506 0.000000 -0.247818 0.000000 0.968807 0.820386 0.820386 0.820386
2301.105225 0.000000 2727.413818 0.000000 -0.247818 0.000000 0.968807 1.000000 1.000000 1.000000
2278.536377 0.000000 2708.746582 0.000000 -0.247818 0.000000 0.968807 1.000000 1.000000 1.000000
"}
object={
	name="forest fog"
	clamp_to_water_level=no
	render_under_water=no
	generated_content=no
	layer="env_effect_layer"
	entity="env_sea_fog_large"
	count=17
	transform="3305.193604 0.747559 3055.370117 0.000000 -0.670418 0.000000 0.741984 0.658474 0.658474 0.658474
3262.538574 0.216797 3514.252441 0.000000 -0.997367 0.000000 0.072520 0.495921 0.495921 0.495921
3195.946533 0.216797 3528.579346 0.000000 -0.624061 0.000000 -0.781376 0.495921 0.495921 0.495921
3296.277588 0.234864 3071.021240 0.000000 -0.782887 0.000000 0.622164 1.000000 1.000000 1.000000
3274.231445 -3.341552 3068.893066 0.000000 -0.180974 0.000000 0.983488 1.000000 1.000000 1.000000
3336.867432 -3.341552 3064.461182 0.000000 -0.180974 0.000000 0.983488 1.000000 1.000000 1.000000
3298.468994 -3.341552 3059.497070 0.000000 -0.180974 0.000000 0.983488 1.000000 1.000000 1.000000
3281.747559 -3.341552 3089.165527 0.000000 -0.180974 0.000000 0.983488 1.000000 1.000000 1.000000
3240.201172 -5.458984 3518.481934 0.000000 0.000000 0.000000 1.000000 1.000000 1.000000 1.000000
3262.298096 -2.078613 3547.947510 0.000000 0.000000 0.000000 1.000000 1.000000 1.000000 1.000000
3186.388672 -0.420654 3519.753418 0.000000 0.617042 0.000000 0.786930 0.525928 0.525928 0.525928
3253.510742 0.000000 3469.860840 0.000000 -0.699624 0.000000 0.714511 0.765356 0.765356 0.765356
4028.188721 3.150391 1730.037476 0.000000 0.294605 0.000000 0.955619 0.690442 0.690442 0.690442
4517.065430 -2.416382 1499.299927 0.000000 0.370472 0.000000 0.928844 0.888545 0.888545 0.888545
4479.263184 -2.043457 1572.962036 0.000000 0.766721 0.000000 0.641980 0.693102 0.693102 0.693102
4417.454102 -1.106934 1506.969360 0.000000 0.000000 0.000000 1.000000 0.693102 0.693102 0.693102
3821.406006 -3.115967 3182.210205 0.000000 -0.912150 0.000000 0.409857 0.757581 0.757581 0.757581
"}
object={
	name="smoke"
	clamp_to_water_level=no
	render_under_water=no
	generated_content=no
	layer="env_effect_layer"
	entity="volcano_smoke_effect"
	count=3
	transform="712.562866 -3.200195 2843.362061 0.000000 -0.031052 0.000000 0.999518 2.423182 2.423182 2.423182
4517.275879 -2.099854 3173.743408 0.000000 -0.760998 0.000000 0.648754 7.191827 7.191827 7.191827
4009.585938 -0.639893 1333.427612 0.000000 0.496121 0.000000 -0.868253 1.361180 1.361180 1.361180
"}
