object={
	name="brdige_wooden"
	clamp_to_water_level=no
	render_under_water=no
	generated_content=no
	layer="building_layer"
	pdxmesh="bridge_wooden_mesh"
	count=5
	transform="3495.270020 -0.018311 1771.704956 0.000000 0.340400 0.000000 -0.940281 0.710071 0.710071 0.710071
3494.270508 2.498047 1783.848877 0.000000 0.955312 0.000000 -0.295600 0.710071 0.710071 0.710071
3486.468018 0.340454 1769.175537 0.000000 0.999191 0.000000 -0.040216 0.594733 0.594733 0.594733
3478.268555 0.696655 1771.613037 0.000000 0.503398 0.000000 0.864055 0.631651 0.631651 0.631651
3480.968994 1.551025 1784.998535 0.000000 -0.185923 0.000000 0.982564 0.768260 0.768260 0.768260
"}
object={
	name="bridge_khajiit"
	clamp_to_water_level=no
	render_under_water=no
	generated_content=no
	layer="building_layer"
	pdxmesh="bridge_khajiit_mesh"
	count=2
	transform="3538.552979 2.961182 1818.314819 0.000000 0.895176 0.000000 0.445713 1.834526 1.834526 1.834526
3569.550049 2.649658 1787.689087 0.000000 0.959773 0.000000 0.280776 1.834526 1.834526 1.834526
"}
object={
	name="geyser01"
	clamp_to_water_level=no
	render_under_water=no
	generated_content=no
	layer="building_layer"
	entity="geyser01_entity"
	count=24
	transform="3875.955322 0.000000 3185.262207 0.000000 -0.938609 0.000000 -0.344983 1.620031 1.620031 1.620031
3871.371338 0.000000 3232.620850 0.000000 -0.813924 0.000000 -0.580971 1.620031 1.620031 1.620031
3806.303711 0.000000 3148.177246 0.000000 -0.813924 0.000000 -0.580971 1.620031 1.620031 1.620031
3803.518555 0.000000 3187.156494 0.000000 -0.813924 0.000000 -0.580971 1.620031 1.620031 1.620031
3805.405762 0.000000 3190.111572 0.000000 -0.213263 0.000000 -0.976995 1.620031 1.620031 1.620031
3785.350586 0.000000 3184.128906 0.000000 -0.213263 0.000000 -0.976995 1.620031 1.620031 1.620031
3857.892334 0.000000 3196.788330 0.000000 -0.425650 0.000000 0.904888 1.834115 1.834115 1.834115
3842.070557 0.000000 3190.027100 0.000000 -0.837231 0.000000 0.546848 1.377461 1.377461 1.377461
3849.888428 0.000000 3157.030273 0.000000 -0.956117 0.000000 0.292983 1.377461 1.377461 1.377461
3832.437744 0.000000 3159.771729 0.000000 -0.359370 0.000000 -0.933195 1.377461 1.377461 1.377461
3261.375244 0.000000 2758.087402 0.000000 -0.683919 0.000000 -0.729558 1.022348 1.022348 1.022348
3260.888916 0.000000 2761.190674 0.000000 0.850801 0.000000 -0.525487 1.544237 1.544237 1.544237
3271.285889 0.000000 2776.480469 0.000000 0.850801 0.000000 -0.525487 1.406223 1.406223 1.406223
3300.819092 0.000000 2761.247803 0.000000 -0.994752 0.000000 -0.102317 1.480238 1.480238 1.480238
3831.552734 0.000000 3161.851074 0.000000 -0.090886 0.000000 -0.995861 1.620031 1.620031 1.620031
3864.885254 0.000000 3210.620361 0.000000 -0.090886 0.000000 -0.995861 1.620031 1.620031 1.620031
3851.458008 0.000000 3226.218018 0.000000 0.957495 0.000000 -0.288449 1.997344 1.997344 1.997344
3853.183350 0.000000 3229.686035 0.000000 -0.959584 0.000000 0.281420 1.538181 1.538181 1.538181
3855.058594 0.000000 3227.186768 0.000000 -0.990858 0.000000 -0.134907 1.672603 1.672603 1.672603
3799.265625 0.000000 3239.422607 0.000000 -0.295663 0.000000 -0.955292 0.937544 0.937544 0.937544
3814.060791 0.000000 3218.874268 0.000000 -0.593684 0.000000 -0.804698 1.452468 1.452468 1.452468
3782.890869 0.000000 3205.942383 0.000000 0.988044 0.000000 -0.154172 1.290943 1.290943 1.290943
3765.454346 0.000000 3178.779297 0.000000 0.719449 0.000000 0.694545 1.530493 1.530493 1.530493
3750.183105 0.000000 3185.134766 0.000000 0.467949 0.000000 0.883755 1.000000 1.000000 1.000000
"}
object={
	name="moon_gate"
	clamp_to_water_level=no
	render_under_water=no
	generated_content=no
	layer="building_layer"
	pdxmesh="building_special_moon_gate_mesh"
	count=0
}
object={
	name="new_mapobject_1"
	clamp_to_water_level=no
	render_under_water=no
	generated_content=no
	layer="building_layer"
	pdxmesh="building_celtic_round_tower_01_mesh"
	count=0
}
